Fe   -3   0   0
Fe   -3   3   0
Fe   -3   6   0
Fe   0   -3   0
Fe   0   0   0
Fe   0   3   0
Fe   0   6   0
Fe   0   9   0
Fe   3   -3   0
Fe   3   0   0
Fe   3   3   0
Fe   3   6   0
Fe   3   9   0
Fe   6   0   0
Fe   6   3   0
Fe   6   6   0
Fe   -1.5   1.5   1.5
Fe   -1.5   4.5   1.5
Fe   1.5   -1.5   1.5
Fe   1.5   1.5   1.5
Fe   1.5   4.5   1.5
Fe   1.5   7.5   1.5
Fe   4.5   1.5   1.5
Fe   4.5   4.5   1.5
Fe   -3   0   3
Fe   -3   3   3
Fe   -3   6   3
Fe   0   -3   3
Fe   0   0   3
Fe   0   3   3
Fe   0   6   3
Fe   0   9   3
Fe   3   -3   3
Fe   3   0   3
Fe   3   3   3
Fe   3   6   3
Fe   3   9   3
Fe   6   0   3
Fe   6   3   3
Fe   6   6   3
Au  -1.5   1.5   4.5
Au  1.5   -1.5   4.5
Au  1.5   1.5   4.5
Au  1.5   4.5   4.5
Au  4.5   1.5   4.5
Au  0   0   6
Au  0   3   6
Au  3   0   6
Au  3   3   6
