;   
;  IMD Data
;   
;  Saved on Fri Jun 05 15:56:27 2020
;   
;  Structure: 
;   
;  [Au/Fe] multilayer, N=1, d=12.00 nm, Gamma=0.417
;      Au layer (1), z=5.00 nm, sigma[Fe/Au]=1.00 nm
;      Fe layer (2), z=7.00 nm, sigma=1.00 nm
;   
;  f=-1.0000
;   
;  Theta=45.000 deg, Lambda=800.000 nm
;   
;  Depth, z [nm] 	Int 	Int(s) 	Int(p)
      -2.0000000        1.2294684       0.25098018        1.2294684
      -1.9000000        1.2294684       0.25035604        1.2294684
      -1.8000000        1.2294684       0.24973335        1.2294684
      -1.7000000        1.2294684       0.24911211        1.2294684
      -1.6000000        1.2294684       0.24849231        1.2294684
      -1.5000000        1.2294684       0.24787395        1.2294684
      -1.4000000        1.2294684       0.24725705        1.2294684
      -1.3000000        1.2294684       0.24664159        1.2294684
      -1.2000000        1.2294684       0.24602759        1.2294684
      -1.1000000        1.2294684       0.24541504        1.2294684
      -1.0000000        1.2294684       0.24480393        1.2294684
     -0.90000000        1.2294684       0.24419428        1.2294684
     -0.80000000        1.2294684       0.24358608        1.2294684
     -0.70000000        1.2294684       0.24297934        1.2294684
     -0.60000000        1.2294684       0.24237405        1.2294684
     -0.50000000        1.2294684       0.24177022        1.2294684
     -0.40000000        1.2294684       0.24116784        1.2294684
     -0.30000000        1.2294684       0.24056692        1.2294684
     -0.20000000        1.2294684       0.23996745        1.2294684
     -0.10000000        1.2294684       0.23936944        1.2294684
      0.00000000       0.23768398       0.23877290       0.23768398
      0.10000000       0.23700987       0.23818180       0.23700987
      0.20000000       0.23634621       0.23760013       0.23634621
      0.30000000       0.23569297       0.23702783       0.23569297
      0.40000000       0.23505010       0.23646488       0.23505010
      0.50000000       0.23441756       0.23591122       0.23441756
      0.60000000       0.23379530       0.23536684       0.23379530
      0.70000000       0.23318328       0.23483168       0.23318328
      0.80000000       0.23258146       0.23430571       0.23258146
      0.90000000       0.23198980       0.23378889       0.23198980
       1.0000000       0.23140825       0.23328119       0.23140825
       1.1000000       0.23083678       0.23278258       0.23083678
       1.2000000       0.23027534       0.23229302       0.23027534
       1.3000000       0.22972390       0.23181247       0.22972390
       1.4000000       0.22918242       0.23134091       0.22918242
       1.5000000       0.22865086       0.23087830       0.22865086
       1.6000000       0.22812918       0.23042460       0.22812918
       1.7000000       0.22761736       0.22997980       0.22761736
       1.8000000       0.22711534       0.22954385       0.22711534
       1.9000000       0.22662311       0.22911673       0.22662311
       2.0000000       0.22614062       0.22869840       0.22614062
       2.1000000       0.22566783       0.22828884       0.22566783
       2.2000000       0.22520473       0.22788803       0.22520473
       2.3000000       0.22475126       0.22749592       0.22475126
       2.4000000       0.22430741       0.22711250       0.22430741
       2.5000000       0.22387315       0.22673774       0.22387315
       2.6000000       0.22344843       0.22637161       0.22344843
       2.7000000       0.22303323       0.22601408       0.22303323
       2.8000000       0.22262753       0.22566514       0.22262753
       2.9000000       0.22223129       0.22532476       0.22223129
       3.0000000       0.22184448       0.22499290       0.22184448
       3.1000000       0.22146708       0.22466956       0.22146708
       3.2000000       0.22109906       0.22435471       0.22109906
       3.3000000       0.22074040       0.22404832       0.22074040
       3.4000000       0.22039107       0.22375038       0.22039107
       3.5000000       0.22005104       0.22346085       0.22005104
       3.6000000       0.21972029       0.22317973       0.21972029
       3.7000000       0.21939880       0.22290700       0.21939880
       3.8000000       0.21908654       0.22264262       0.21908654
       3.9000000       0.21878350       0.22238659       0.21878350
       4.0000000       0.21848964       0.22213888       0.21848964
       4.1000000       0.21820495       0.22189949       0.21820495
       4.2000000       0.21792941       0.22166838       0.21792941
       4.3000000       0.21766300       0.22144555       0.21766300
       4.4000000       0.21740569       0.22123098       0.21740569
       4.5000000       0.21715747       0.22102465       0.21715747
       4.6000000       0.21691833       0.22082654       0.21691833
       4.7000000       0.21668823       0.22063665       0.21668823
       4.8000000       0.21646718       0.22045496       0.21646718
       4.9000000       0.21625514       0.22028146       0.21625514
       5.0000000       0.21658890       0.22012301       0.21658890
       5.0985915       0.21636479       0.21996542       0.21636479
       5.1971831       0.21614423       0.21981053       0.21614423
       5.2957746       0.21592721       0.21965832       0.21592721
       5.3943662       0.21571369       0.21950877       0.21571369
       5.4929577       0.21550367       0.21936187       0.21550367
       5.5915493       0.21529710       0.21921759       0.21529710
       5.6901408       0.21509398       0.21907593       0.21509398
       5.7887324       0.21489427       0.21893686       0.21489427
       5.8873239       0.21469797       0.21880037       0.21469797
       5.9859155       0.21450503       0.21866644       0.21450503
       6.0845070       0.21431545       0.21853506       0.21431545
       6.1830986       0.21412921       0.21840622       0.21412921
       6.2816901       0.21394627       0.21827989       0.21394627
       6.3802817       0.21376662       0.21815606       0.21376662
       6.4788732       0.21359024       0.21803472       0.21359024
       6.5774648       0.21341710       0.21791585       0.21341710
       6.6760563       0.21324719       0.21779944       0.21324719
       6.7746479       0.21308049       0.21768547       0.21308049
       6.8732394       0.21291697       0.21757393       0.21291697
       6.9718310       0.21275662       0.21746481       0.21275662
       7.0704225       0.21259941       0.21735808       0.21259941
       7.1690141       0.21244533       0.21725374       0.21244533
       7.2676056       0.21229435       0.21715178       0.21229435
       7.3661972       0.21214646       0.21705217       0.21214646
       7.4647887       0.21200163       0.21695491       0.21200163
       7.5633803       0.21185985       0.21685998       0.21185985
       7.6619718       0.21172110       0.21676737       0.21172110
       7.7605634       0.21158536       0.21667707       0.21158536
       7.8591549       0.21145261       0.21658906       0.21145261
       7.9577465       0.21132284       0.21650333       0.21132284
       8.0563380       0.21119601       0.21641988       0.21119601
       8.1549296       0.21107213       0.21633868       0.21107213
       8.2535211       0.21095116       0.21625972       0.21095116
       8.3521127       0.21083309       0.21618300       0.21083309
       8.4507042       0.21071791       0.21610850       0.21071791
       8.5492958       0.21060559       0.21603621       0.21060559
       8.6478873       0.21049612       0.21596612       0.21049612
       8.7464789       0.21038949       0.21589822       0.21038949
       8.8450704       0.21028566       0.21583249       0.21028566
       8.9436620       0.21018464       0.21576893       0.21018464
       9.0422535       0.21008639       0.21570752       0.21008639
       9.1408451       0.20999091       0.21564825       0.20999091
       9.2394366       0.20989818       0.21559112       0.20989818
       9.3380282       0.20980818       0.21553612       0.20980818
       9.4366197       0.20972090       0.21548323       0.20972090
       9.5352113       0.20963632       0.21543244       0.20963632
       9.6338028       0.20955442       0.21538374       0.20955442
       9.7323944       0.20947520       0.21533713       0.20947520
       9.8309859       0.20939863       0.21529260       0.20939863
       9.9295775       0.20932470       0.21525013       0.20932470
       10.028169       0.20925339       0.21520971       0.20925339
       10.126761       0.20918469       0.21517134       0.20918469
       10.225352       0.20911859       0.21513502       0.20911859
       10.323944       0.20905507       0.21510072       0.20905507
       10.422535       0.20899412       0.21506844       0.20899412
       10.521127       0.20893572       0.21503818       0.20893572
       10.619718       0.20887986       0.21500992       0.20887986
       10.718310       0.20882653       0.21498366       0.20882653
       10.816901       0.20877571       0.21495939       0.20877571
       10.915493       0.20872738       0.21493710       0.20872738
       11.014085       0.20868154       0.21491679       0.20868154
       11.112676       0.20863818       0.21489844       0.20863818
       11.211268       0.20859727       0.21488205       0.20859727
       11.309859       0.20855881       0.21486761       0.20855881
       11.408451       0.20852278       0.21485512       0.20852278
       11.507042       0.20848918       0.21484457       0.20848918
       11.605634       0.20845798       0.21483595       0.20845798
       11.704225       0.20842918       0.21482926       0.20842918
       11.802817       0.20840277       0.21482449       0.20840277
       11.901408       0.20837873       0.21482163       0.20837873
