  Depth, z [A] 	Int 	Int(s) 	Int(p)
      -10.000000        1.5767224       0.13993750        1.5767224
      -9.0000000        1.5767224       0.13922147        1.5767224
      -8.0000000        1.5767224       0.13850744        1.5767224
      -7.0000000        1.5767224       0.13779541        1.5767224
      -6.0000000        1.5767224       0.13708539        1.5767224
      -5.0000000        1.5767224       0.13637737        1.5767224
      -4.0000000        1.5767224       0.13567136        1.5767224
      -3.0000000        1.5767224       0.13496735        1.5767224
      -2.0000000        1.5767224       0.13426535        1.5767224
      -1.0000000        1.5767224       0.13356536        1.5767224
      0.00000000       0.18813163       0.13286737       0.18813163
       1.0000000       0.18706851       0.13217362       0.18706851
       2.0000000       0.18601519       0.13148628       0.18601519
       3.0000000       0.18497160       0.13080531       0.18497160
       4.0000000       0.18393766       0.13013066       0.18393766
       5.0000000       0.18291330       0.12946229       0.18291330
       6.0000000       0.18189846       0.12880016       0.18189846
       7.0000000       0.18089307       0.12814421       0.18089307
       8.0000000       0.17989706       0.12749442       0.17989706
       9.0000000       0.17891037       0.12685072       0.17891037
       10.000000       0.17793293       0.12621309       0.17793293
       11.000000       0.17696467       0.12558147       0.17696467
       12.000000       0.17600552       0.12495583       0.17600552
       13.000000       0.17505544       0.12433613       0.17505544
       14.000000       0.17411434       0.12372231       0.17411434
       15.000000       0.17318218       0.12311435       0.17318218
       16.000000       0.17225888       0.12251220       0.17225888
       17.000000       0.17134438       0.12191582       0.17134438
       18.000000       0.17043862       0.12132517       0.17043862
       19.000000       0.16954155       0.12074021       0.16954155
       20.000000       0.16865310       0.12016091       0.16865310
       21.000000       0.16777322       0.11958722       0.16777322
       22.000000       0.16690183       0.11901910       0.16690183
       23.000000       0.16603890       0.11845652       0.16603890
       24.000000       0.16518435       0.11789944       0.16518435
       25.000000       0.16433813       0.11734782       0.16433813
       26.000000       0.16350018       0.11680163       0.16350018
       27.000000       0.16267046       0.11626083       0.16267046
       28.000000       0.16184889       0.11572538       0.16184889
       29.000000       0.16103543       0.11519525       0.16103543
       30.000000       0.16023002       0.11467040       0.16023002
       31.000000       0.15943261       0.11415080       0.15943261
       32.000000       0.15864315       0.11363641       0.15864315
       33.000000       0.15786158       0.11312720       0.15786158
       34.000000       0.15708784       0.11262313       0.15708784
       35.000000       0.15632190       0.11212416       0.15632190
       36.000000       0.15556369       0.11163028       0.15556369
       37.000000       0.15481316       0.11114144       0.15481316
       38.000000       0.15407027       0.11065761       0.15407027
       39.000000       0.15333497       0.11017876       0.15333497
       40.000000       0.15260720       0.10970485       0.15260720
       41.000000       0.15188691       0.10923586       0.15188691
       42.000000       0.15117406       0.10877175       0.15117406
       43.000000       0.15046861       0.10831249       0.15046861
       44.000000       0.14977049       0.10785805       0.14977049
       45.000000       0.14907968       0.10740841       0.14907968
       46.000000       0.14839611       0.10696352       0.14839611
       47.000000       0.14771974       0.10652337       0.14771974
       48.000000       0.14705053       0.10608791       0.14705053
       49.000000       0.14638844       0.10565713       0.14638844
       50.000000       0.14573341       0.10523099       0.14573341
       51.000000       0.14508541       0.10480946       0.14508541
       52.000000       0.14444438       0.10439252       0.14444438
       53.000000       0.14381030       0.10398014       0.14381030
       54.000000       0.14318310       0.10357229       0.14318310
       55.000000       0.14256276       0.10316894       0.14256276
       56.000000       0.14194923       0.10277006       0.14194923
       57.000000       0.14134247       0.10237564       0.14134247
       58.000000       0.14074244       0.10198564       0.14074244
       59.000000       0.14014909       0.10160003       0.14014909
       60.000000       0.13956239       0.10121879       0.13956239
       61.000000       0.13898230       0.10084190       0.13898230
       62.000000       0.13840878       0.10046933       0.13840878
       63.000000       0.13784179       0.10010105       0.13784179
       64.000000       0.13728128      0.099737042       0.13728128
       65.000000       0.13672724      0.099377278       0.13672724
       66.000000       0.13617960      0.099021735       0.13617960
       67.000000       0.13563835      0.098670388       0.13563835
       68.000000       0.13510344      0.098323214       0.13510344
       69.000000       0.13457484      0.097980189       0.13457484
       70.000000       0.13405250      0.097641291       0.13405250
       71.000000       0.13353640      0.097306497       0.13353640
       72.000000       0.13302651      0.096975784       0.13302651
       73.000000       0.13252277      0.096649129       0.13252277
       74.000000       0.13202517      0.096326511       0.13202517
       75.000000       0.13153367      0.096007908       0.13153367
       76.000000       0.13104823      0.095693298       0.13104823
       77.000000       0.13056882      0.095382660       0.13056882
       78.000000       0.13009541      0.095075973       0.13009541
       79.000000       0.12962796      0.094773217       0.12962796
       80.000000       0.12916646      0.094474370       0.12916646
       81.000000       0.12871085      0.094179413       0.12871085
       82.000000       0.12826112      0.093888326       0.12826112
       83.000000       0.12781723      0.093601089       0.12781723
       84.000000       0.12737915      0.093317683       0.12737915
       85.000000       0.12694685      0.093038087       0.12694685
       86.000000       0.12652031      0.092762284       0.12652031
       87.000000       0.12609949      0.092490255       0.12609949
       88.000000       0.12568436      0.092221981       0.12568436
       89.000000       0.12527490      0.091957444       0.12527490
       90.000000       0.12487108      0.091696627       0.12487108
       91.000000       0.12447287      0.091439510       0.12447287
       92.000000       0.12408025      0.091186078       0.12408025
       93.000000       0.12369318      0.090936312       0.12369318
       94.000000       0.12331164      0.090690196       0.12331164
       95.000000       0.12293560      0.090447713       0.12293560
       96.000000       0.12256505      0.090208846       0.12256505
       97.000000       0.12219995      0.089973580       0.12219995
       98.000000       0.12184027      0.089741898       0.12184027
       99.000000       0.12148600      0.089513784       0.12148600
       100.00000       0.12113711      0.089289223       0.12113711
       101.00000       0.12079357      0.089068200       0.12079357
       102.00000       0.12045537      0.088850699       0.12045537
       103.00000       0.12012247      0.088636705       0.12012247
       104.00000       0.11979486      0.088426205       0.11979486
       105.00000       0.11947251      0.088219183       0.11947251
       106.00000       0.11915541      0.088015625       0.11915541
       107.00000       0.11884352      0.087815518       0.11884352
       108.00000       0.11853683      0.087618848       0.11853683
       109.00000       0.11823531      0.087425601       0.11823531
       110.00000       0.11793896      0.087235764       0.11793896
       111.00000       0.11764773      0.087049324       0.11764773
       112.00000       0.11736162      0.086866269       0.11736162
       113.00000       0.11708061      0.086686585       0.11708061
       114.00000       0.11680467      0.086510260       0.11680467
       115.00000       0.11653379      0.086337282       0.11653379
       116.00000       0.11626795      0.086167639       0.11626795
       117.00000       0.11600712      0.086001320       0.11600712
       118.00000       0.11575130      0.085838313       0.11575130
       119.00000       0.11550046      0.085678606       0.11550046
       120.00000       0.11525458      0.085522190       0.11525458
       121.00000       0.11501366      0.085369052       0.11501366
       122.00000       0.11477766      0.085219182       0.11477766
       123.00000       0.11454659      0.085072570       0.11454659
       124.00000       0.11432041      0.084929206       0.11432041
       125.00000       0.11409911      0.084789080       0.11409911
       126.00000       0.11388268      0.084652182       0.11388268
       127.00000       0.11367110      0.084518501       0.11367110
       128.00000       0.11346436      0.084388031       0.11346436
       129.00000       0.11326245      0.084260759       0.11326245
       130.00000       0.11306534      0.084136680       0.11306534
       131.00000       0.11287303      0.084015782       0.11287303
       132.00000       0.11268550      0.083898058       0.11268550
       133.00000       0.11250273      0.083783500       0.11250273
       134.00000       0.11232472      0.083672099       0.11232472
       135.00000       0.11215146      0.083563848       0.11215146
       136.00000       0.11198292      0.083458740       0.11198292
       137.00000       0.11181910      0.083356765       0.11181910
       138.00000       0.11165999      0.083257918       0.11165999
       139.00000       0.11150557      0.083162191       0.11150557
       140.00000       0.11135583      0.083069578       0.11135583
       141.00000       0.11121077      0.082980071       0.11121077
       142.00000       0.11107037      0.082893665       0.11107037
       143.00000       0.11093462      0.082810354       0.11093462
       144.00000       0.11080351      0.082730130       0.11080351
       145.00000       0.11067704      0.082652989       0.11067704
       146.00000       0.11055519      0.082578924       0.11055519
       147.00000       0.11043795      0.082507931       0.11043795
       148.00000       0.11032532      0.082440004       0.11032532
       149.00000       0.11021728      0.082375138       0.11021728
       150.00000       0.11038396      0.082313329       0.11038396
       150.98592       0.11026974      0.082254401       0.11026974
       151.97183       0.11015733      0.082196482       0.11015733
       152.95775       0.11004673      0.082139564       0.11004673
       153.94366       0.10993791      0.082083641       0.10993791
       154.92958       0.10983087      0.082028707       0.10983087
       155.91549       0.10972559      0.081974756       0.10972559
       156.90141       0.10962207      0.081921781       0.10962207
       157.88732       0.10952029      0.081869777       0.10952029
       158.87324       0.10942025      0.081818738       0.10942025
       159.85915       0.10932192      0.081768657       0.10932192
       160.84507       0.10922530      0.081719529       0.10922530
       161.83099       0.10913038      0.081671348       0.10913038
       162.81690       0.10903714      0.081624109       0.10903714
       163.80282       0.10894559      0.081577804       0.10894559
       164.78873       0.10885569      0.081532430       0.10885569
       165.77465       0.10876746      0.081487980       0.10876746
       166.76056       0.10868086      0.081444449       0.10868086
       167.74648       0.10859590      0.081401832       0.10859590
       168.73239       0.10851257      0.081360122       0.10851257
       169.71831       0.10843084      0.081319315       0.10843084
       170.70423       0.10835072      0.081279406       0.10835072
       171.69014       0.10827219      0.081240389       0.10827219
       172.67606       0.10819525      0.081202260       0.10819525
       173.66197       0.10811987      0.081165013       0.10811987
       174.64789       0.10804606      0.081128642       0.10804606
       175.63380       0.10797381      0.081093145       0.10797381
       176.61972       0.10790309      0.081058514       0.10790309
       177.60563       0.10783391      0.081024746       0.10783391
       178.59155       0.10776626      0.080991837       0.10776626
       179.57746       0.10770012      0.080959780       0.10770012
       180.56338       0.10763548      0.080928572       0.10763548
       181.54930       0.10757235      0.080898208       0.10757235
       182.53521       0.10751070      0.080868683       0.10751070
       183.52113       0.10745052      0.080839994       0.10745052
       184.50704       0.10739182      0.080812135       0.10739182
       185.49296       0.10733458      0.080785102       0.10733458
       186.47887       0.10727879      0.080758892       0.10727879
       187.46479       0.10722444      0.080733500       0.10722444
       188.45070       0.10717153      0.080708922       0.10717153
       189.43662       0.10712004      0.080685153       0.10712004
       190.42254       0.10706997      0.080662190       0.10706997
       191.40845       0.10702131      0.080640029       0.10702131
       192.39437       0.10697405      0.080618666       0.10697405
       193.38028       0.10692818      0.080598097       0.10692818
       194.36620       0.10688370      0.080578318       0.10688370
       195.35211       0.10684059      0.080559326       0.10684059
       196.33803       0.10679885      0.080541117       0.10679885
       197.32394       0.10675848      0.080523687       0.10675848
       198.30986       0.10671945      0.080507033       0.10671945
       199.29577       0.10668177      0.080491152       0.10668177
       200.28169       0.10664543      0.080476039       0.10664543
       201.26761       0.10661042      0.080461692       0.10661042
       202.25352       0.10657673      0.080448108       0.10657673
       203.23944       0.10654436      0.080435282       0.10654436
       204.22535       0.10651330      0.080423213       0.10651330
       205.21127       0.10648353      0.080411896       0.10648353
       206.19718       0.10645506      0.080401330       0.10645506
       207.18310       0.10642788      0.080391510       0.10642788
       208.16901       0.10640198      0.080382434       0.10640198
       209.15493       0.10637735      0.080374099       0.10637735
       210.14085       0.10635399      0.080366502       0.10635399
       211.12676       0.10633189      0.080359641       0.10633189
       212.11268       0.10631104      0.080353513       0.10631104
       213.09859       0.10629144      0.080348114       0.10629144
       214.08451       0.10627308      0.080343444       0.10627308
       215.07042       0.10625595      0.080339498       0.10625595
       216.05634       0.10624005      0.080336275       0.10624005
       217.04225       0.10622538      0.080333772       0.10622538
       218.02817       0.10621191      0.080331987       0.10621191
       219.01408       0.10619966      0.080330918       0.10619966
