;   
;  IMD Data
;   
;  Saved on Fri Jun 05 16:06:31 2020
;   
;  Structure: 
;   
;  [Au/Fe] multilayer, N=1, d=37.00 nm, Gamma=0.811
;      Au layer (1), z=30.00 nm, sigma[Fe/Au]=1.00 nm
;      Fe layer (2), z=7.00 nm, sigma=1.00 nm
;   
;  f=-1.0000
;   
;  Theta=45.000 deg, Lambda=200.000 nm
;   
;  Depth, z [nm] 	Int 	Int(s) 	Int(p)
      -2.0000000        1.1356303       0.39066172        1.1356303
      -1.9000000        1.1356303       0.38743773        1.1356303
      -1.8000000        1.1356303       0.38423323        1.1356303
      -1.7000000        1.1356303       0.38104827        1.1356303
      -1.6000000        1.1356303       0.37788291        1.1356303
      -1.5000000        1.1356303       0.37473723        1.1356303
      -1.4000000        1.1356303       0.37161128        1.1356303
      -1.3000000        1.1356303       0.36850512        1.1356303
      -1.2000000        1.1356303       0.36541881        1.1356303
      -1.1000000        1.1356303       0.36235242        1.1356303
      -1.0000000        1.1356303       0.35930601        1.1356303
     -0.90000000        1.1356303       0.35627963        1.1356303
     -0.80000000        1.1356303       0.35327335        1.1356303
     -0.70000000        1.1356303       0.35028722        1.1356303
     -0.60000000        1.1356303       0.34732131        1.1356303
     -0.50000000        1.1356303       0.34437567        1.1356303
     -0.40000000        1.1356303       0.34145036        1.1356303
     -0.30000000        1.1356303       0.33854544        1.1356303
     -0.20000000        1.1356303       0.33566096        1.1356303
     -0.10000000        1.1356303       0.33279699        1.1356303
      0.00000000       0.46681090       0.32995358       0.46681090
      0.10000000       0.46293358       0.32713217       0.46293358
      0.20000000       0.45908748       0.32433407       0.45908748
      0.30000000       0.45527237       0.32155908       0.45527237
      0.40000000       0.45148799       0.31880702       0.45148799
      0.50000000       0.44773409       0.31607773       0.44773409
      0.60000000       0.44401043       0.31337101       0.44401043
      0.70000000       0.44031677       0.31068670       0.44031677
      0.80000000       0.43665287       0.30802463       0.43665287
      0.90000000       0.43301849       0.30538461       0.43301849
       1.0000000       0.42941339       0.30276648       0.42941339
       1.1000000       0.42583733       0.30017007       0.42583733
       1.2000000       0.42229010       0.29759520       0.42229010
       1.3000000       0.41877144       0.29504172       0.41877144
       1.4000000       0.41528115       0.29250946       0.41528115
       1.5000000       0.41181899       0.28999824       0.41181899
       1.6000000       0.40838473       0.28750792       0.40838473
       1.7000000       0.40497815       0.28503832       0.40497815
       1.8000000       0.40159904       0.28258928       0.40159904
       1.9000000       0.39824717       0.28016065       0.39824717
       2.0000000       0.39492232       0.27775227       0.39492232
       2.1000000       0.39162428       0.27536398       0.39162428
       2.2000000       0.38835284       0.27299563       0.38835284
       2.3000000       0.38510778       0.27064706       0.38510778
       2.4000000       0.38188890       0.26831812       0.38188890
       2.5000000       0.37869598       0.26600865       0.37869598
       2.6000000       0.37552882       0.26371851       0.37552882
       2.7000000       0.37238721       0.26144755       0.37238721
       2.8000000       0.36927095       0.25919561       0.36927095
       2.9000000       0.36617983       0.25696256       0.36617983
       3.0000000       0.36311367       0.25474824       0.36311367
       3.1000000       0.36007225       0.25255251       0.36007225
       3.2000000       0.35705538       0.25037523       0.35705538
       3.3000000       0.35406288       0.24821626       0.35406288
       3.4000000       0.35109453       0.24607544       0.35109453
       3.5000000       0.34815016       0.24395265       0.34815016
       3.6000000       0.34522957       0.24184775       0.34522957
       3.7000000       0.34233257       0.23976059       0.34233257
       3.8000000       0.33945898       0.23769103       0.33945898
       3.9000000       0.33660861       0.23563896       0.33660861
       4.0000000       0.33378127       0.23360422       0.33378127
       4.1000000       0.33097678       0.23158668       0.33097678
       4.2000000       0.32819497       0.22958622       0.32819497
       4.3000000       0.32543565       0.22760270       0.32543565
       4.4000000       0.32269864       0.22563598       0.32269864
       4.5000000       0.31998378       0.22368595       0.31998378
       4.6000000       0.31729087       0.22175247       0.31729087
       4.7000000       0.31461975       0.21983542       0.31461975
       4.8000000       0.31197025       0.21793466       0.31197025
       4.9000000       0.30934220       0.21605008       0.30934220
       5.0000000       0.30673542       0.21418154       0.30673542
       5.1000000       0.30414975       0.21232893       0.30414975
       5.2000000       0.30158502       0.21049212       0.30158502
       5.3000000       0.29904106       0.20867099       0.29904106
       5.4000000       0.29651772       0.20686542       0.29651772
       5.5000000       0.29401483       0.20507529       0.29401483
       5.6000000       0.29153223       0.20330048       0.29153223
       5.7000000       0.28906975       0.20154087       0.28906975
       5.8000000       0.28662725       0.19979635       0.28662725
       5.9000000       0.28420456       0.19806680       0.28420456
       6.0000000       0.28180152       0.19635211       0.28180152
       6.1000000       0.27941799       0.19465215       0.27941799
       6.2000000       0.27705380       0.19296682       0.27705380
       6.3000000       0.27470881       0.19129601       0.27470881
       6.4000000       0.27238287       0.18963960       0.27238287
       6.5000000       0.27007582       0.18799749       0.27007582
       6.6000000       0.26778752       0.18636955       0.26778752
       6.7000000       0.26551782       0.18475569       0.26551782
       6.8000000       0.26326657       0.18315580       0.26326657
       6.9000000       0.26103364       0.18156976       0.26103364
       7.0000000       0.25881887       0.17999747       0.25881887
       7.1000000       0.25662212       0.17843883       0.25662212
       7.2000000       0.25444325       0.17689373       0.25444325
       7.3000000       0.25228213       0.17536207       0.25228213
       7.4000000       0.25013861       0.17384374       0.25013861
       7.5000000       0.24801255       0.17233864       0.24801255
       7.6000000       0.24590382       0.17084666       0.24590382
       7.7000000       0.24381229       0.16936772       0.24381229
       7.8000000       0.24173781       0.16790170       0.24173781
       7.9000000       0.23968026       0.16644852       0.23968026
       8.0000000       0.23763950       0.16500806       0.23763950
       8.1000000       0.23561540       0.16358023       0.23561540
       8.2000000       0.23360784       0.16216494       0.23360784
       8.3000000       0.23161667       0.16076208       0.23161667
       8.4000000       0.22964178       0.15937157       0.22964178
       8.5000000       0.22768304       0.15799330       0.22768304
       8.6000000       0.22574032       0.15662719       0.22574032
       8.7000000       0.22381350       0.15527314       0.22381350
       8.8000000       0.22190245       0.15393105       0.22190245
       8.9000000       0.22000705       0.15260084       0.22000705
       9.0000000       0.21812718       0.15128241       0.21812718
       9.1000000       0.21626272       0.14997567       0.21626272
       9.2000000       0.21441354       0.14868053       0.21441354
       9.3000000       0.21257953       0.14739690       0.21257953
       9.4000000       0.21076057       0.14612470       0.21076057
       9.5000000       0.20895655       0.14486384       0.20895655
       9.6000000       0.20716734       0.14361422       0.20716734
       9.7000000       0.20539284       0.14237576       0.20539284
       9.8000000       0.20363293       0.14114838       0.20363293
       9.9000000       0.20188749       0.13993198       0.20188749
       10.000000       0.20015641       0.13872650       0.20015641
       10.100000       0.19843959       0.13753183       0.19843959
       10.200000       0.19673691       0.13634790       0.19673691
       10.300000       0.19504826       0.13517462       0.19504826
       10.400000       0.19337353       0.13401191       0.19337353
       10.500000       0.19171262       0.13285969       0.19171262
       10.600000       0.19006541       0.13171788       0.19006541
       10.700000       0.18843181       0.13058640       0.18843181
       10.800000       0.18681171       0.12946517       0.18681171
       10.900000       0.18520499       0.12835410       0.18520499
       11.000000       0.18361157       0.12725313       0.18361157
       11.100000       0.18203134       0.12616216       0.18203134
       11.200000       0.18046419       0.12508113       0.18046419
       11.300000       0.17891002       0.12400996       0.17891002
       11.400000       0.17736874       0.12294856       0.17736874
       11.500000       0.17584024       0.12189687       0.17584024
       11.600000       0.17432442       0.12085481       0.17432442
       11.700000       0.17282120       0.11982230       0.17282120
       11.800000       0.17133046       0.11879927       0.17133046
       11.900000       0.16985212       0.11778565       0.16985212
       12.000000       0.16838608       0.11678135       0.16838608
       12.100000       0.16693225       0.11578632       0.16693225
       12.200000       0.16549052       0.11480048       0.16549052
       12.300000       0.16406081       0.11382375       0.16406081
       12.400000       0.16264303       0.11285606       0.16264303
       12.500000       0.16123708       0.11189735       0.16123708
       12.600000       0.15984287       0.11094754       0.15984287
       12.700000       0.15846032       0.11000657       0.15846032
       12.800000       0.15708932       0.10907436       0.15708932
       12.900000       0.15572980       0.10815084       0.15572980
       13.000000       0.15438167       0.10723596       0.15438167
       13.100000       0.15304483       0.10632963       0.15304483
       13.200000       0.15171921       0.10543180       0.15171921
       13.300000       0.15040471       0.10454239       0.15040471
       13.400000       0.14910125       0.10366135       0.14910125
       13.500000       0.14780875       0.10278859       0.14780875
       13.600000       0.14652712       0.10192407       0.14652712
       13.700000       0.14525628       0.10106771       0.14525628
       13.800000       0.14399614       0.10021945       0.14399614
       13.900000       0.14274663      0.099379230       0.14274663
       14.000000       0.14150766      0.098546978       0.14150766
       14.100000       0.14027915      0.097722636       0.14027915
       14.200000       0.13906103      0.096906141       0.13906103
       14.300000       0.13785320      0.096097430       0.13785320
       14.400000       0.13665560      0.095296442       0.13665560
       14.500000       0.13546815      0.094503115       0.13546815
       14.600000       0.13429076      0.093717389       0.13429076
       14.700000       0.13312336      0.092939203       0.13312336
       14.800000       0.13196588      0.092168497       0.13196588
       14.900000       0.13081824      0.091405211       0.13081824
       15.000000       0.12968036      0.090649287       0.12968036
       15.100000       0.12855217      0.089900666       0.12855217
       15.200000       0.12743360      0.089159288       0.12743360
       15.300000       0.12632457      0.088425097       0.12632457
       15.400000       0.12522500      0.087698035       0.12522500
       15.500000       0.12413484      0.086978044       0.12413484
       15.600000       0.12305400      0.086265068       0.12305400
       15.700000       0.12198241      0.085559050       0.12198241
       15.800000       0.12092001      0.084859935       0.12092001
       15.900000       0.11986672      0.084167666       0.11986672
       16.000000       0.11882247      0.083482189       0.11882247
       16.100000       0.11778720      0.082803448       0.11778720
       16.200000       0.11676084      0.082131390       0.11676084
       16.300000       0.11574331      0.081465959       0.11574331
       16.400000       0.11473456      0.080807103       0.11473456
       16.500000       0.11373451      0.080154769       0.11373451
       16.600000       0.11274310      0.079508902       0.11274310
       16.700000       0.11176026      0.078869450       0.11176026
       16.800000       0.11078593      0.078236361       0.11078593
       16.900000       0.10982004      0.077609584       0.10982004
       17.000000       0.10886253      0.076989066       0.10886253
       17.100000       0.10791334      0.076374757       0.10791334
       17.200000       0.10697240      0.075766605       0.10697240
       17.300000       0.10603964      0.075164559       0.10603964
       17.400000       0.10511501      0.074568571       0.10511501
       17.500000       0.10419845      0.073978589       0.10419845
       17.600000       0.10328989      0.073394565       0.10328989
       17.700000       0.10238927      0.072816448       0.10238927
       17.800000       0.10149653      0.072244191       0.10149653
       17.900000       0.10061161      0.071677745       0.10061161
       18.000000      0.099734461      0.071117061      0.099734461
       18.100000      0.098865010      0.070562091      0.098865010
       18.200000      0.098003204      0.070012789      0.098003204
       18.300000      0.097148984      0.069469106      0.097148984
       18.400000      0.096302293      0.068930996      0.096302293
       18.500000      0.095463073      0.068398413      0.095463073
       18.600000      0.094631268      0.067871309      0.094631268
       18.700000      0.093806820      0.067349639      0.093806820
       18.800000      0.092989675      0.066833357      0.092989675
       18.900000      0.092179776      0.066322418      0.092179776
       19.000000      0.091377069      0.065816777      0.091377069
       19.100000      0.090581498      0.065316388      0.090581498
       19.200000      0.089793009      0.064821208      0.089793009
       19.300000      0.089011548      0.064331192      0.089011548
       19.400000      0.088237062      0.063846296      0.088237062
       19.500000      0.087469498      0.063366476      0.087469498
       19.600000      0.086708803      0.062891690      0.086708803
       19.700000      0.085954925      0.062421894      0.085954925
       19.800000      0.085207811      0.061957045      0.085207811
       19.900000      0.084467410      0.061497101      0.084467410
       20.000000      0.083733671      0.061042020      0.083733671
       20.100000      0.083006544      0.060591759      0.083006544
       20.200000      0.082285977      0.060146278      0.082285977
       20.300000      0.081571920      0.059705534      0.081571920
       20.400000      0.080864325      0.059269486      0.080864325
       20.500000      0.080163142      0.058838094      0.080163142
       20.600000      0.079468321      0.058411318      0.079468321
       20.700000      0.078779815      0.057989116      0.078779815
       20.800000      0.078097574      0.057571448      0.078097574
       20.900000      0.077421552      0.057158276      0.077421552
       21.000000      0.076751700      0.056749558      0.076751700
       21.100000      0.076087972      0.056345257      0.076087972
       21.200000      0.075430320      0.055945333      0.075430320
       21.300000      0.074778698      0.055549747      0.074778698
       21.400000      0.074133061      0.055158461      0.074133061
       21.500000      0.073493361      0.054771436      0.073493361
       21.600000      0.072859555      0.054388634      0.072859555
       21.700000      0.072231596      0.054010018      0.072231596
       21.800000      0.071609439      0.053635551      0.071609439
       21.900000      0.070993041      0.053265194      0.070993041
       22.000000      0.070382357      0.052898910      0.070382357
       22.100000      0.069777343      0.052536664      0.069777343
       22.200000      0.069177956      0.052178418      0.069177956
       22.300000      0.068584153      0.051824136      0.068584153
       22.400000      0.067995890      0.051473782      0.067995890
       22.500000      0.067413125      0.051127320      0.067413125
       22.600000      0.066835816      0.050784714      0.066835816
       22.700000      0.066263920      0.050445929      0.066263920
       22.800000      0.065697397      0.050110930      0.065697397
       22.900000      0.065136204      0.049779682      0.065136204
       23.000000      0.064580300      0.049452150      0.064580300
       23.100000      0.064029645      0.049128300      0.064029645
       23.200000      0.063484199      0.048808097      0.063484199
       23.300000      0.062943920      0.048491508      0.062943920
       23.400000      0.062408770      0.048178498      0.062408770
       23.500000      0.061878708      0.047869033      0.061878708
       23.600000      0.061353694      0.047563082      0.061353694
       23.700000      0.060833691      0.047260609      0.060833691
       23.800000      0.060318659      0.046961583      0.060318659
       23.900000      0.059808559      0.046665971      0.059808559
       24.000000      0.059303354      0.046373739      0.059303354
       24.100000      0.058803004      0.046084856      0.058803004
       24.200000      0.058307473      0.045799290      0.058307473
       24.300000      0.057816723      0.045517008      0.057816723
       24.400000      0.057330717      0.045237980      0.057330717
       24.500000      0.056849418      0.044962172      0.056849418
       24.600000      0.056372789      0.044689555      0.056372789
       24.700000      0.055900793      0.044420097      0.055900793
       24.800000      0.055433395      0.044153767      0.055433395
       24.900000      0.054970558      0.043890535      0.054970558
       25.000000      0.054512247      0.043630370      0.054512247
       25.100000      0.054058427      0.043373241      0.054058427
       25.200000      0.053609061      0.043119119      0.053609061
       25.300000      0.053164116      0.042867973      0.053164116
       25.400000      0.052723556      0.042619775      0.052723556
       25.500000      0.052287348      0.042374493      0.052287348
       25.600000      0.051855456      0.042132100      0.051855456
       25.700000      0.051427846      0.041892567      0.051427846
       25.800000      0.051004486      0.041655863      0.051004486
       25.900000      0.050585341      0.041421960      0.050585341
       26.000000      0.050170378      0.041190830      0.050170378
       26.100000      0.049759564      0.040962445      0.049759564
       26.200000      0.049352866      0.040736776      0.049352866
       26.300000      0.048950252      0.040513795      0.048950252
       26.400000      0.048551689      0.040293474      0.048551689
       26.500000      0.048157144      0.040075786      0.048157144
       26.600000      0.047766587      0.039860704      0.047766587
       26.700000      0.047379984      0.039648200      0.047379984
       26.800000      0.046997306      0.039438246      0.046997306
       26.900000      0.046618519      0.039230817      0.046618519
       27.000000      0.046243593      0.039025885      0.046243593
       27.100000      0.045872498      0.038823423      0.045872498
       27.200000      0.045505202      0.038623406      0.045505202
       27.300000      0.045141675      0.038425807      0.045141675
       27.400000      0.044781887      0.038230601      0.044781887
       27.500000      0.044425807      0.038037761      0.044425807
       27.600000      0.044073405      0.037847261      0.044073405
       27.700000      0.043724653      0.037659077      0.043724653
       27.800000      0.043379520      0.037473182      0.043379520
       27.900000      0.043037978      0.037289552      0.043037978
       28.000000      0.042699996      0.037108162      0.042699996
       28.100000      0.042365546      0.036928986      0.042365546
       28.200000      0.042034600      0.036752001      0.042034600
       28.300000      0.041707129      0.036577182      0.041707129
       28.400000      0.041383104      0.036404504      0.041383104
       28.500000      0.041062497      0.036233943      0.041062497
       28.600000      0.040745281      0.036065475      0.040745281
       28.700000      0.040431428      0.035899077      0.040431428
       28.800000      0.040120909      0.035734725      0.040120909
       28.900000      0.039813698      0.035572395      0.039813698
       29.000000      0.039509767      0.035412064      0.039509767
       29.100000      0.039209090      0.035253709      0.039209090
       29.200000      0.038911638      0.035097306      0.038911638
       29.300000      0.038617387      0.034942834      0.038617387
       29.400000      0.038326308      0.034790268      0.038326308
       29.500000      0.038038377      0.034639588      0.038038377
       29.600000      0.037753565      0.034490770      0.037753565
       29.700000      0.037471849      0.034343792      0.037471849
       29.800000      0.037193201      0.034198632      0.037193201
       29.900000      0.036917596      0.034055269      0.036917596
       30.000000      0.034299771      0.033905955      0.034299771
       30.098592      0.034042687      0.033768533      0.034042687
       30.197183      0.033789950      0.033633980      0.033789950
       30.295775      0.033541512      0.033502261      0.033541512
       30.394366      0.033297325      0.033373342      0.033297325
       30.492958      0.033057341      0.033247188      0.033057341
       30.591549      0.032821515      0.033123764      0.032821515
       30.690141      0.032589798      0.033003038      0.032589798
       30.788732      0.032362147      0.032884977      0.032362147
       30.887324      0.032138516      0.032769546      0.032138516
       30.985915      0.031918860      0.032656715      0.031918860
       31.084507      0.031703134      0.032546451      0.031703134
       31.183099      0.031491296      0.032438722      0.031491296
       31.281690      0.031283302      0.032333499      0.031283302
       31.380282      0.031079110      0.032230749      0.031079110
       31.478873      0.030878676      0.032130442      0.030878676
       31.577465      0.030681960      0.032032549      0.030681960
       31.676056      0.030488920      0.031937041      0.030488920
       31.774648      0.030299515      0.031843887      0.030299515
       31.873239      0.030113705      0.031753059      0.030113705
       31.971831      0.029931451      0.031664529      0.029931451
       32.070423      0.029752712      0.031578269      0.029752712
       32.169014      0.029577449      0.031494251      0.029577449
       32.267606      0.029405625      0.031412449      0.029405625
       32.366197      0.029237201      0.031332834      0.029237201
       32.464789      0.029072139      0.031255381      0.029072139
       32.563380      0.028910402      0.031180063      0.028910402
       32.661972      0.028751954      0.031106856      0.028751954
       32.760563      0.028596757      0.031035732      0.028596757
       32.859155      0.028444777      0.030966668      0.028444777
       32.957746      0.028295978      0.030899639      0.028295978
       33.056338      0.028150324      0.030834620      0.028150324
       33.154930      0.028007781      0.030771588      0.028007781
       33.253521      0.027868315      0.030710518      0.027868315
       33.352113      0.027731891      0.030651389      0.027731891
       33.450704      0.027598477      0.030594175      0.027598477
       33.549296      0.027468039      0.030538856      0.027468039
       33.647887      0.027340545      0.030485409      0.027340545
       33.746479      0.027215963      0.030433812      0.027215963
       33.845070      0.027094260      0.030384044      0.027094260
       33.943662      0.026975405      0.030336083      0.026975405
       34.042254      0.026859367      0.030289909      0.026859367
       34.140845      0.026746116      0.030245501      0.026746116
       34.239437      0.026635621      0.030202838      0.026635621
       34.338028      0.026527852      0.030161902      0.026527852
       34.436620      0.026422779      0.030122672      0.026422779
       34.535211      0.026320374      0.030085130      0.026320374
       34.633803      0.026220608      0.030049257      0.026220608
       34.732394      0.026123452      0.030015033      0.026123452
       34.830986      0.026028877      0.029982441      0.026028877
       34.929577      0.025936858      0.029951464      0.025936858
       35.028169      0.025847365      0.029922082      0.025847365
       35.126761      0.025760372      0.029894280      0.025760372
       35.225352      0.025675852      0.029868041      0.025675852
       35.323944      0.025593780      0.029843347      0.025593780
       35.422535      0.025514128      0.029820182      0.025514128
       35.521127      0.025436872      0.029798531      0.025436872
       35.619718      0.025361986      0.029778378      0.025361986
       35.718310      0.025289445      0.029759708      0.025289445
       35.816901      0.025219226      0.029742505      0.025219226
       35.915493      0.025151302      0.029726755      0.025151302
       36.014085      0.025085651      0.029712443      0.025085651
       36.112676      0.025022249      0.029699555      0.025022249
       36.211268      0.024961073      0.029688079      0.024961073
       36.309859      0.024902099      0.029677999      0.024902099
       36.408451      0.024845306      0.029669303      0.024845306
       36.507042      0.024790671      0.029661978      0.024790671
       36.605634      0.024738171      0.029656012      0.024738171
       36.704225      0.024687786      0.029651392      0.024687786
       36.802817      0.024639494      0.029648106      0.024639494
       36.901408      0.024593274      0.029646143      0.024593274
