;   
;  IMD Data
;   
;  Saved on Mon Jun 22 10:40:25 2020
;   
;  Structure: 
;   
;  [Au/Fe] multilayer, N=1, d=220.00 A, Gamma=0.682
;      Au layer (1), z=150.00 A
;      Fe layer (2), z=70.00 A
;   
;  f=-1.0000
;   
;  Theta=45.000 deg, Lambda=2000.000 A
;   
;  Depth, z [A] 	Int 	Int(s) 	Int(p)
      -10.000000        1.1445392       0.31819900        1.1445392
      -9.0000000        1.1445392       0.31557096        1.1445392
      -8.0000000        1.1445392       0.31296351        1.1445392
      -7.0000000        1.1445392       0.31037671        1.1445392
      -6.0000000        1.1445392       0.30781061        1.1445392
      -5.0000000        1.1445392       0.30526526        1.1445392
      -4.0000000        1.1445392       0.30274070        1.1445392
      -3.0000000        1.1445392       0.30023700        1.1445392
      -2.0000000        1.1445392       0.29775419        1.1445392
      -1.0000000        1.1445392       0.29529233        1.1445392
      0.00000000       0.43855411       0.29285146       0.43855411
       1.0000000       0.43473890       0.29043287       0.43473890
       2.0000000       0.43095620       0.28803768       0.43095620
       3.0000000       0.42720576       0.28566570       0.42720576
       4.0000000       0.42348734       0.28331675       0.42348734
       5.0000000       0.41980069       0.28099063       0.41980069
       6.0000000       0.41614557       0.27868718       0.41614557
       7.0000000       0.41252174       0.27640620       0.41252174
       8.0000000       0.40892896       0.27414751       0.40892896
       9.0000000       0.40536700       0.27191094       0.40536700
       10.000000       0.40183561       0.26969630       0.40183561
       11.000000       0.39833457       0.26750342       0.39833457
       12.000000       0.39486365       0.26533213       0.39486365
       13.000000       0.39142261       0.26318224       0.39142261
       14.000000       0.38801123       0.26105359       0.38801123
       15.000000       0.38462928       0.25894601       0.38462928
       16.000000       0.38127653       0.25685931       0.38127653
       17.000000       0.37795278       0.25479333       0.37795278
       18.000000       0.37465779       0.25274791       0.37465779
       19.000000       0.37139134       0.25072287       0.37139134
       20.000000       0.36815322       0.24871805       0.36815322
       21.000000       0.36494322       0.24673329       0.36494322
       22.000000       0.36176111       0.24476841       0.36176111
       23.000000       0.35860669       0.24282325       0.35860669
       24.000000       0.35547975       0.24089766       0.35547975
       25.000000       0.35238007       0.23899147       0.35238007
       26.000000       0.34930745       0.23710452       0.34930745
       27.000000       0.34626169       0.23523666       0.34626169
       28.000000       0.34324257       0.23338772       0.34324257
       29.000000       0.34024990       0.23155755       0.34024990
       30.000000       0.33728348       0.22974599       0.33728348
       31.000000       0.33434310       0.22795289       0.33434310
       32.000000       0.33142857       0.22617809       0.33142857
       33.000000       0.32853968       0.22442145       0.32853968
       34.000000       0.32567626       0.22268280       0.32567626
       35.000000       0.32283809       0.22096201       0.32283809
       36.000000       0.32002500       0.21925891       0.32002500
       37.000000       0.31723678       0.21757337       0.31723678
       38.000000       0.31447325       0.21590523       0.31447325
       39.000000       0.31173422       0.21425434       0.31173422
       40.000000       0.30901951       0.21262057       0.30901951
       41.000000       0.30632893       0.21100377       0.30632893
       42.000000       0.30366229       0.20940378       0.30366229
       43.000000       0.30101942       0.20782048       0.30101942
       44.000000       0.29840013       0.20625372       0.29840013
       45.000000       0.29580424       0.20470335       0.29580424
       46.000000       0.29323158       0.20316924       0.29323158
       47.000000       0.29068197       0.20165125       0.29068197
       48.000000       0.28815523       0.20014924       0.28815523
       49.000000       0.28565118       0.19866307       0.28565118
       50.000000       0.28316966       0.19719260       0.28316966
       51.000000       0.28071050       0.19573771       0.28071050
       52.000000       0.27827352       0.19429826       0.27827352
       53.000000       0.27585855       0.19287411       0.27585855
       54.000000       0.27346542       0.19146512       0.27346542
       55.000000       0.27109398       0.19007118       0.27109398
       56.000000       0.26874405       0.18869214       0.26874405
       57.000000       0.26641547       0.18732788       0.26641547
       58.000000       0.26410807       0.18597826       0.26410807
       59.000000       0.26182170       0.18464317       0.26182170
       60.000000       0.25955620       0.18332246       0.25955620
       61.000000       0.25731139       0.18201602       0.25731139
       62.000000       0.25508714       0.18072372       0.25508714
       63.000000       0.25288327       0.17944543       0.25288327
       64.000000       0.25069964       0.17818103       0.25069964
       65.000000       0.24853608       0.17693039       0.24853608
       66.000000       0.24639245       0.17569339       0.24639245
       67.000000       0.24426859       0.17446992       0.24426859
       68.000000       0.24216435       0.17325984       0.24216435
       69.000000       0.24007958       0.17206304       0.24007958
       70.000000       0.23801413       0.17087940       0.23801413
       71.000000       0.23596785       0.16970880       0.23596785
       72.000000       0.23394060       0.16855112       0.23394060
       73.000000       0.23193222       0.16740624       0.23193222
       74.000000       0.22994258       0.16627406       0.22994258
       75.000000       0.22797153       0.16515444       0.22797153
       76.000000       0.22601893       0.16404728       0.22601893
       77.000000       0.22408463       0.16295246       0.22408463
       78.000000       0.22216850       0.16186988       0.22216850
       79.000000       0.22027039       0.16079940       0.22027039
       80.000000       0.21839016       0.15974094       0.21839016
       81.000000       0.21652768       0.15869436       0.21652768
       82.000000       0.21468281       0.15765956       0.21468281
       83.000000       0.21285542       0.15663644       0.21285542
       84.000000       0.21104536       0.15562488       0.21104536
       85.000000       0.20925251       0.15462477       0.20925251
       86.000000       0.20747673       0.15363601       0.20747673
       87.000000       0.20571789       0.15265849       0.20571789
       88.000000       0.20397586       0.15169210       0.20397586
       89.000000       0.20225051       0.15073673       0.20225051
       90.000000       0.20054170       0.14979229       0.20054170
       91.000000       0.19884932       0.14885867       0.19884932
       92.000000       0.19717323       0.14793575       0.19717323
       93.000000       0.19551330       0.14702345       0.19551330
       94.000000       0.19386941       0.14612166       0.19386941
       95.000000       0.19224144       0.14523027       0.19224144
       96.000000       0.19062926       0.14434918       0.19062926
       97.000000       0.18903275       0.14347831       0.18903275
       98.000000       0.18745178       0.14261753       0.18745178
       99.000000       0.18588624       0.14176676       0.18588624
       100.00000       0.18433600       0.14092590       0.18433600
       101.00000       0.18280094       0.14009485       0.18280094
       102.00000       0.18128094       0.13927351       0.18128094
       103.00000       0.17977590       0.13846179       0.17977590
       104.00000       0.17828568       0.13765958       0.17828568
       105.00000       0.17681017       0.13686680       0.17681017
       106.00000       0.17534926       0.13608335       0.17534926
       107.00000       0.17390283       0.13530913       0.17390283
       108.00000       0.17247077       0.13454406       0.17247077
       109.00000       0.17105296       0.13378804       0.17105296
       110.00000       0.16964929       0.13304097       0.16964929
       111.00000       0.16825965       0.13230277       0.16825965
       112.00000       0.16688393       0.13157334       0.16688393
       113.00000       0.16552202       0.13085260       0.16552202
       114.00000       0.16417381       0.13014045       0.16417381
       115.00000       0.16283918       0.12943681       0.16283918
       116.00000       0.16151804       0.12874158       0.16151804
       117.00000       0.16021027       0.12805468       0.16021027
       118.00000       0.15891576       0.12737602       0.15891576
       119.00000       0.15763442       0.12670552       0.15763442
       120.00000       0.15636614       0.12604308       0.15636614
       121.00000       0.15511080       0.12538862       0.15511080
       122.00000       0.15386831       0.12474206       0.15386831
       123.00000       0.15263857       0.12410332       0.15263857
       124.00000       0.15142147       0.12347230       0.15142147
       125.00000       0.15021691       0.12284892       0.15021691
       126.00000       0.14902479       0.12223311       0.14902479
       127.00000       0.14784501       0.12162478       0.14784501
       128.00000       0.14667746       0.12102384       0.14667746
       129.00000       0.14552206       0.12043022       0.14552206
       130.00000       0.14437870       0.11984384       0.14437870
       131.00000       0.14324728       0.11926461       0.14324728
       132.00000       0.14212771       0.11869245       0.14212771
       133.00000       0.14101988       0.11812730       0.14101988
       134.00000       0.13992372       0.11756906       0.13992372
       135.00000       0.13883911       0.11701766       0.13883911
       136.00000       0.13776596       0.11647302       0.13776596
       137.00000       0.13670419       0.11593507       0.13670419
       138.00000       0.13565370       0.11540373       0.13565370
       139.00000       0.13461439       0.11487893       0.13461439
       140.00000       0.13358617       0.11436058       0.13358617
       141.00000       0.13256895       0.11384861       0.13256895
       142.00000       0.13156264       0.11334295       0.13156264
       143.00000       0.13056716       0.11284353       0.13056716
       144.00000       0.12958240       0.11235027       0.12958240
       145.00000       0.12860828       0.11186310       0.12860828
       146.00000       0.12764472       0.11138195       0.12764472
       147.00000       0.12669162       0.11090674       0.12669162
       148.00000       0.12574890       0.11043741       0.12574890
       149.00000       0.12481647       0.10997388       0.12481647
       150.00000       0.11597059       0.10951608       0.11597059
       150.98592       0.11510136       0.10907221       0.11510136
       151.97183       0.11424684       0.10863760       0.11424684
       152.95775       0.11340685       0.10821215       0.11340685
       153.94366       0.11258123       0.10779574       0.11258123
       154.92958       0.11176982       0.10738826       0.11176982
       155.91549       0.11097247       0.10698961       0.11097247
       156.90141       0.11018902       0.10659966       0.11018902
       157.88732       0.10941931       0.10621832       0.10941931
       158.87324       0.10866319       0.10584548       0.10866319
       159.85915       0.10792051       0.10548104       0.10792051
       160.84507       0.10719113       0.10512489       0.10719113
       161.83099       0.10647488       0.10477692       0.10647488
       162.81690       0.10577164       0.10443705       0.10577164
       163.80282       0.10508124       0.10410517       0.10508124
       164.78873       0.10440356       0.10378118       0.10440356
       165.77465       0.10373845       0.10346499       0.10373845
       166.76056       0.10308576       0.10315649       0.10308576
       167.74648       0.10244537       0.10285561       0.10244537
       168.73239       0.10181713       0.10256224       0.10181713
       169.71831       0.10120091       0.10227628       0.10120091
       170.70423       0.10059657       0.10199766       0.10059657
       171.69014       0.10000400       0.10172629       0.10000400
       172.67606      0.099423042       0.10146206      0.099423042
       173.66197      0.098853584       0.10120491      0.098853584
       174.64789      0.098295495       0.10095474      0.098295495
       175.63380      0.097748649       0.10071146      0.097748649
       176.61972      0.097212921       0.10047500      0.097212921
       177.60563      0.096688189       0.10024527      0.096688189
       178.59155      0.096174330       0.10002220      0.096174330
       179.57746      0.095671226      0.099805693      0.095671226
       180.56338      0.095178758      0.099595682      0.095178758
       181.54930      0.094696807      0.099392088      0.094696807
       182.53521      0.094225259      0.099194834      0.094225259
       183.52113      0.093763999      0.099003844      0.093763999
       184.50704      0.093312914      0.098819046      0.093312914
       185.49296      0.092871893      0.098640366      0.092871893
       186.47887      0.092440824      0.098467732      0.092440824
       187.46479      0.092019599      0.098301074      0.092019599
       188.45070      0.091608111      0.098140323      0.091608111
       189.43662      0.091206252      0.097985409      0.091206252
       190.42254      0.090813918      0.097836267      0.090813918
       191.40845      0.090431005      0.097692828      0.090431005
       192.39437      0.090057411      0.097555029      0.090057411
       193.38028      0.089693034      0.097422805      0.089693034
       194.36620      0.089337775      0.097296094      0.089337775
       195.35211      0.088991535      0.097174833      0.088991535
       196.33803      0.088654215      0.097058961      0.088654215
       197.32394      0.088325721      0.096948419      0.088325721
       198.30986      0.088005958      0.096843148      0.088005958
       199.29577      0.087694830      0.096743090      0.087694830
       200.28169      0.087392247      0.096648189      0.087392247
       201.26761      0.087098116      0.096558389      0.087098116
       202.25352      0.086812348      0.096473635      0.086812348
       203.23944      0.086534853      0.096393873      0.086534853
       204.22535      0.086265544      0.096319052      0.086265544
       205.21127      0.086004334      0.096249120      0.086004334
       206.19718      0.085751139      0.096184025      0.085751139
       207.18310      0.085505872      0.096123720      0.085505872
       208.16901      0.085268452      0.096068154      0.085268452
       209.15493      0.085038797      0.096017281      0.085038797
       210.14085      0.084816825      0.095971054      0.084816825
       211.12676      0.084602457      0.095929428      0.084602457
       212.11268      0.084395615      0.095892358      0.084395615
       213.09859      0.084196220      0.095859800      0.084196220
       214.08451      0.084004197      0.095831713      0.084004197
       215.07042      0.083819470      0.095808054      0.083819470
       216.05634      0.083641965      0.095788783      0.083641965
       217.04225      0.083471608      0.095773860      0.083471608
       218.02817      0.083308329      0.095763247      0.083308329
       219.01408      0.083152056      0.095756906      0.083152056
