;   
;  IMD Data
;   
;  Saved on Mon Jun 22 10:38:34 2020
;   
;  Structure: 
;   
;  [Fe/Au] multilayer, N=1, d=220.00 A, Gamma=0.318
;      Fe layer (1), z=70.00 A
;      Au layer (2), z=150.00 A
;   
;  f=-1.0000
;   
;  Theta=45.000 deg, Lambda=8000.000 A
;   
;  Depth, z [A] 	Int 	Int(s) 	Int(p)
      -10.000000        1.4611855       0.16389987        1.4611855
      -9.0000000        1.4611855       0.16317959        1.4611855
      -8.0000000        1.4611855       0.16246118        1.4611855
      -7.0000000        1.4611855       0.16174464        1.4611855
      -6.0000000        1.4611855       0.16102997        1.4611855
      -5.0000000        1.4611855       0.16031718        1.4611855
      -4.0000000        1.4611855       0.15960627        1.4611855
      -3.0000000        1.4611855       0.15889723        1.4611855
      -2.0000000        1.4611855       0.15819006        1.4611855
      -1.0000000        1.4611855       0.15748478        1.4611855
      0.00000000       0.21625160       0.15678137       0.21625160
       1.0000000       0.21523542       0.15608055       0.21523542
       2.0000000       0.21422429       0.15538302       0.21422429
       3.0000000       0.21321820       0.15468876       0.21321820
       4.0000000       0.21221710       0.15399774       0.21221710
       5.0000000       0.21122096       0.15330994       0.21122096
       6.0000000       0.21022976       0.15262536       0.21022976
       7.0000000       0.20924346       0.15194395       0.20924346
       8.0000000       0.20826203       0.15126572       0.20826203
       9.0000000       0.20728545       0.15059063       0.20728545
       10.000000       0.20631367       0.14991866       0.20631367
       11.000000       0.20534668       0.14924981       0.20534668
       12.000000       0.20438444       0.14858404       0.20438444
       13.000000       0.20342692       0.14792134       0.20342692
       14.000000       0.20247409       0.14726169       0.20247409
       15.000000       0.20152592       0.14660507       0.20152592
       16.000000       0.20058239       0.14595146       0.20058239
       17.000000       0.19964346       0.14530085       0.19964346
       18.000000       0.19870910       0.14465322       0.19870910
       19.000000       0.19777930       0.14400854       0.19777930
       20.000000       0.19685401       0.14336680       0.19685401
       21.000000       0.19593321       0.14272798       0.19593321
       22.000000       0.19501688       0.14209207       0.19501688
       23.000000       0.19410498       0.14145904       0.19410498
       24.000000       0.19319748       0.14082888       0.19319748
       25.000000       0.19229437       0.14020158       0.19229437
       26.000000       0.19139561       0.13957710       0.19139561
       27.000000       0.19050118       0.13895545       0.19050118
       28.000000       0.18961104       0.13833659       0.18961104
       29.000000       0.18872518       0.13772052       0.18872518
       30.000000       0.18784357       0.13710721       0.18784357
       31.000000       0.18696617       0.13649665       0.18696617
       32.000000       0.18609297       0.13588883       0.18609297
       33.000000       0.18522394       0.13528372       0.18522394
       34.000000       0.18435905       0.13468131       0.18435905
       35.000000       0.18349827       0.13408159       0.18349827
       36.000000       0.18264159       0.13348454       0.18264159
       37.000000       0.18178898       0.13289014       0.18178898
       38.000000       0.18094041       0.13229838       0.18094041
       39.000000       0.18009585       0.13170924       0.18009585
       40.000000       0.17925529       0.13112270       0.17925529
       41.000000       0.17841870       0.13053876       0.17841870
       42.000000       0.17758605       0.12995739       0.17758605
       43.000000       0.17675732       0.12937859       0.17675732
       44.000000       0.17593249       0.12880233       0.17593249
       45.000000       0.17511153       0.12822860       0.17511153
       46.000000       0.17429442       0.12765739       0.17429442
       47.000000       0.17348113       0.12708868       0.17348113
       48.000000       0.17267165       0.12652246       0.17267165
       49.000000       0.17186595       0.12595871       0.17186595
       50.000000       0.17106401       0.12539742       0.17106401
       51.000000       0.17026580       0.12483857       0.17026580
       52.000000       0.16947130       0.12428216       0.16947130
       53.000000       0.16868050       0.12372816       0.16868050
       54.000000       0.16789336       0.12317657       0.16789336
       55.000000       0.16710986       0.12262737       0.16710986
       56.000000       0.16632999       0.12208054       0.16632999
       57.000000       0.16555373       0.12153608       0.16555373
       58.000000       0.16478104       0.12099396       0.16478104
       59.000000       0.16401192       0.12045419       0.16401192
       60.000000       0.16324633       0.11991673       0.16324633
       61.000000       0.16248426       0.11938159       0.16248426
       62.000000       0.16172569       0.11884875       0.16172569
       63.000000       0.16097060       0.11831819       0.16097060
       64.000000       0.16021896       0.11778991       0.16021896
       65.000000       0.15947075       0.11726388       0.15947075
       66.000000       0.15872597       0.11674010       0.15872597
       67.000000       0.15798457       0.11621856       0.15798457
       68.000000       0.15724656       0.11569925       0.15724656
       69.000000       0.15651190       0.11518214       0.15651190
       70.000000       0.15519205       0.11466724       0.15519205
       70.993377       0.15446567       0.11415929       0.15446567
       71.986755       0.15374629       0.11365622       0.15374629
       72.980132       0.15303386       0.11315801       0.15303386
       73.973510       0.15232833       0.11266462       0.15232833
       74.966887       0.15162967       0.11217602       0.15162967
       75.960265       0.15093782       0.11169217       0.15093782
       76.953642       0.15025274       0.11121306       0.15025274
       77.947020       0.14957439       0.11073863       0.14957439
       78.940397       0.14890271       0.11026887       0.14890271
       79.933775       0.14823766       0.10980374       0.14823766
       80.927152       0.14757921       0.10934321       0.14757921
       81.920530       0.14692731       0.10888725       0.14692731
       82.913907       0.14628190       0.10843584       0.14628190
       83.907285       0.14564297       0.10798893       0.14564297
       84.900662       0.14501045       0.10754651       0.14501045
       85.894040       0.14438431       0.10710854       0.14438431
       86.887417       0.14376450       0.10667500       0.14376450
       87.880795       0.14315100       0.10624586       0.14315100
       88.874172       0.14254374       0.10582108       0.14254374
       89.867550       0.14194271       0.10540064       0.14194271
       90.860927       0.14134785       0.10498452       0.14134785
       91.854305       0.14075912       0.10457268       0.14075912
       92.847682       0.14017650       0.10416511       0.14017650
       93.841060       0.13959993       0.10376176       0.13959993
       94.834437       0.13902939       0.10336262       0.13902939
       95.827815       0.13846483       0.10296766       0.13846483
       96.821192       0.13790622       0.10257685       0.13790622
       97.814570       0.13735352       0.10219017       0.13735352
       98.807947       0.13680669       0.10180760       0.13680669
       99.801325       0.13626569       0.10142910       0.13626569
       100.79470       0.13573050       0.10105466       0.13573050
       101.78808       0.13520108       0.10068424       0.13520108
       102.78146       0.13467738       0.10031782       0.13467738
       103.77483       0.13415939      0.099955392       0.13415939
       104.76821       0.13364705      0.099596914       0.13364705
       105.76159       0.13314035      0.099242370       0.13314035
       106.75497       0.13263924      0.098891735       0.13263924
       107.74834       0.13214369      0.098544986       0.13214369
       108.74172       0.13165367      0.098202101       0.13165367
       109.73510       0.13116915      0.097863057       0.13116915
       110.72848       0.13069009      0.097527832       0.13069009
       111.72185       0.13021647      0.097196403       0.13021647
       112.71523       0.12974825      0.096868750       0.12974825
       113.70861       0.12928539      0.096544850       0.12928539
       114.70199       0.12882788      0.096224683       0.12882788
       115.69536       0.12837568      0.095908227       0.12837568
       116.68874       0.12792876      0.095595461       0.12792876
       117.68212       0.12748709      0.095286366       0.12748709
       118.67550       0.12705064      0.094980919       0.12705064
       119.66887       0.12661938      0.094679103       0.12661938
       120.66225       0.12619329      0.094380896       0.12619329
       121.65563       0.12577233      0.094086279       0.12577233
       122.64901       0.12535648      0.093795233       0.12535648
       123.64238       0.12494571      0.093507739       0.12494571
       124.63576       0.12453999      0.093223777       0.12453999
       125.62914       0.12413930      0.092943330       0.12413930
       126.62252       0.12374360      0.092666378       0.12374360
       127.61589       0.12335288      0.092392903       0.12335288
       128.60927       0.12296711      0.092122888       0.12296711
       129.60265       0.12258625      0.091856314       0.12258625
       130.59603       0.12221030      0.091593165       0.12221030
       131.58940       0.12183921      0.091333422       0.12183921
       132.58278       0.12147297      0.091077069       0.12147297
       133.57616       0.12111156      0.090824089       0.12111156
       134.56954       0.12075494      0.090574465       0.12075494
       135.56291       0.12040309      0.090328180       0.12040309
       136.55629       0.12005600      0.090085219       0.12005600
       137.54967       0.11971363      0.089845566       0.11971363
       138.54305       0.11937597      0.089609204       0.11937597
       139.53642       0.11904299      0.089376118       0.11904299
       140.52980       0.11871467      0.089146293       0.11871467
       141.52318       0.11839099      0.088919713       0.11839099
       142.51656       0.11807193      0.088696365       0.11807193
       143.50993       0.11775746      0.088476232       0.11775746
       144.50331       0.11744757      0.088259300       0.11744757
       145.49669       0.11714223      0.088045556       0.11714223
       146.49007       0.11684142      0.087834984       0.11684142
       147.48344       0.11654513      0.087627572       0.11654513
       148.47682       0.11625333      0.087423304       0.11625333
       149.47020       0.11596600      0.087222169       0.11596600
       150.46358       0.11568313      0.087024153       0.11568313
       151.45695       0.11540470      0.086829242       0.11540470
       152.45033       0.11513068      0.086637423       0.11513068
       153.44371       0.11486106      0.086448685       0.11486106
       154.43709       0.11459583      0.086263014       0.11459583
       155.43046       0.11433495      0.086080398       0.11433495
       156.42384       0.11407842      0.085900825       0.11407842
       157.41722       0.11382622      0.085724284       0.11382622
       158.41060       0.11357834      0.085550762       0.11357834
       159.40397       0.11333474      0.085380248       0.11333474
       160.39735       0.11309543      0.085212731       0.11309543
       161.39073       0.11286037      0.085048199       0.11286037
       162.38411       0.11262957      0.084886643       0.11262957
       163.37748       0.11240299      0.084728050       0.11240299
       164.37086       0.11218063      0.084572411       0.11218063
       165.36424       0.11196247      0.084419715       0.11196247
       166.35762       0.11174850      0.084269952       0.11174850
       167.35099       0.11153870      0.084123113       0.11153870
       168.34437       0.11133305      0.083979186       0.11133305
       169.33775       0.11113155      0.083838164       0.11113155
       170.33113       0.11093418      0.083700036       0.11093418
       171.32450       0.11074092      0.083564793       0.11074092
       172.31788       0.11055177      0.083432426       0.11055177
       173.31126       0.11036671      0.083302927       0.11036671
       174.30464       0.11018573      0.083176287       0.11018573
       175.29801       0.11000881      0.083052497       0.11000881
       176.29139       0.10983595      0.082931549       0.10983595
       177.28477       0.10966713      0.082813436       0.10966713
       178.27815       0.10950234      0.082698148       0.10950234
       179.27152       0.10934156      0.082585679       0.10934156
       180.26490       0.10918480      0.082476021       0.10918480
       181.25828       0.10903203      0.082369166       0.10903203
       182.25166       0.10888325      0.082265108       0.10888325
       183.24503       0.10873845      0.082163840       0.10873845
       184.23841       0.10859762      0.082065354       0.10859762
       185.23179       0.10846074      0.081969644       0.10846074
       186.22517       0.10832781      0.081876704       0.10832781
       187.21854       0.10819881      0.081786528       0.10819881
       188.21192       0.10807375      0.081699108       0.10807375
       189.20530       0.10795261      0.081614441       0.10795261
       190.19868       0.10783538      0.081532519       0.10783538
       191.19205       0.10772205      0.081453337       0.10772205
       192.18543       0.10761262      0.081376890       0.10761262
       193.17881       0.10750708      0.081303173       0.10750708
       194.17219       0.10740542      0.081232180       0.10740542
       195.16556       0.10730764      0.081163907       0.10730764
       196.15894       0.10721372      0.081098350       0.10721372
       197.15232       0.10712367      0.081035504       0.10712367
       198.14570       0.10703746      0.080975364       0.10703746
       199.13907       0.10695511      0.080917926       0.10695511
       200.13245       0.10687660      0.080863187       0.10687660
       201.12583       0.10680192      0.080811142       0.10680192
       202.11921       0.10673108      0.080761789       0.10673108
       203.11258       0.10666406      0.080715123       0.10666406
       204.10596       0.10660087      0.080671142       0.10660087
       205.09934       0.10654149      0.080629842       0.10654149
       206.09272       0.10648592      0.080591220       0.10648592
       207.08609       0.10643416      0.080555275       0.10643416
       208.07947       0.10638621      0.080522003       0.10638621
       209.07285       0.10634206      0.080491401       0.10634206
       210.06623       0.10630170      0.080463468       0.10630170
       211.05960       0.10626514      0.080438202       0.10626514
       212.05298       0.10623236      0.080415601       0.10623236
       213.04636       0.10620338      0.080395663       0.10620338
       214.03974       0.10617818      0.080378387       0.10617818
       215.03311       0.10615677      0.080363771       0.10615677
       216.02649       0.10613914      0.080351814       0.10613914
       217.01987       0.10612529      0.080342515       0.10612529
       218.01325       0.10611522      0.080335874       0.10611522
       219.00662       0.10610892      0.080331890       0.10610892
