Depth, z [nm] 	Int 	Int(s) 	Int(p)
      -2.0000000        1.1202842       0.35285974        1.1202842
      -1.9000000        1.1202842       0.35064623        1.1202842
      -1.8000000        1.1202842       0.34845098        1.1202842
      -1.7000000        1.1202842       0.34627402        1.1202842
      -1.6000000        1.1202842       0.34411540        1.1202842
      -1.5000000        1.1202842       0.34197516        1.1202842
      -1.4000000        1.1202842       0.33985335        1.1202842
      -1.3000000        1.1202842       0.33775000        1.1202842
      -1.2000000        1.1202842       0.33566515        1.1202842
      -1.1000000        1.1202842       0.33359885        1.1202842
      -1.0000000        1.1202842       0.33155114        1.1202842
     -0.90000000        1.1202842       0.32952206        1.1202842
     -0.80000000        1.1202842       0.32751165        1.1202842
     -0.70000000        1.1202842       0.32551994        1.1202842
     -0.60000000        1.1202842       0.32354698        1.1202842
     -0.50000000        1.1202842       0.32159281        1.1202842
     -0.40000000        1.1202842       0.31965746        1.1202842
     -0.30000000        1.1202842       0.31774098        1.1202842
     -0.20000000        1.1202842       0.31584340        1.1202842
     -0.10000000        1.1202842       0.31396476        1.1202842
      0.00000000       0.40054985       0.31210509       0.40054985
      0.10000000       0.39721523       0.31026574       0.39721523
      0.20000000       0.39391335       0.30844791       0.39391335
      0.30000000       0.39064394       0.30665137       0.39064394
      0.40000000       0.38740676       0.30487591       0.38740676
      0.50000000       0.38420154       0.30312131       0.38420154
      0.60000000       0.38102805       0.30138738       0.38102805
      0.70000000       0.37788602       0.29967390       0.37788602
      0.80000000       0.37477522       0.29798067       0.37477522
      0.90000000       0.37169539       0.29630747       0.37169539
       1.0000000       0.36864629       0.29465411       0.36864629
       1.1000000       0.36562767       0.29302038       0.36562767
       1.2000000       0.36263930       0.29140608       0.36263930
       1.3000000       0.35968094       0.28981101       0.35968094
       1.4000000       0.35675234       0.28823497       0.35675234
       1.5000000       0.35385327       0.28667777       0.35385327
       1.6000000       0.35098350       0.28513920       0.35098350
       1.7000000       0.34814279       0.28361907       0.34814279
       1.8000000       0.34533091       0.28211719       0.34533091
       1.9000000       0.34254763       0.28063337       0.34254763
       2.0000000       0.33979272       0.27916741       0.33979272
       2.1000000       0.33706595       0.27771912       0.33706595
       2.2000000       0.33436710       0.27628832       0.33436710
       2.3000000       0.33169594       0.27487482       0.33169594
       2.4000000       0.32905226       0.27347843       0.32905226
       2.5000000       0.32643582       0.27209897       0.32643582
       2.6000000       0.32384642       0.27073625       0.32384642
       2.7000000       0.32128383       0.26939010       0.32128383
       2.8000000       0.31874783       0.26806032       0.31874783
       2.9000000       0.31623821       0.26674674       0.31623821
       3.0000000       0.31375476       0.26544919       0.31375476
       3.1000000       0.31129726       0.26416747       0.31129726
       3.2000000       0.30886551       0.26290143       0.30886551
       3.3000000       0.30645929       0.26165088       0.30645929
       3.4000000       0.30407839       0.26041564       0.30407839
       3.5000000       0.30172261       0.25919556       0.30172261
       3.6000000       0.29939174       0.25799044       0.29939174
       3.7000000       0.29708558       0.25680013       0.29708558
       3.8000000       0.29480392       0.25562445       0.29480392
       3.9000000       0.29254657       0.25446324       0.29254657
       4.0000000       0.29031332       0.25331633       0.29031332
       4.1000000       0.28810398       0.25218356       0.28810398
       4.2000000       0.28591834       0.25106475       0.28591834
       4.3000000       0.28375621       0.24995975       0.28375621
       4.4000000       0.28161740       0.24886839       0.28161740
       4.5000000       0.27950171       0.24779051       0.27950171
       4.6000000       0.27740895       0.24672596       0.27740895
       4.7000000       0.27533892       0.24567457       0.27533892
       4.8000000       0.27329145       0.24463618       0.27329145
       4.9000000       0.27126634       0.24361065       0.27126634
       5.0000000       0.25203085       0.24254255       0.25203085
       5.0985915       0.25014183       0.24155951       0.25014183
       5.1971831       0.24828475       0.24059701       0.24828475
       5.2957746       0.24645926       0.23965477       0.24645926
       5.3943662       0.24466500       0.23873256       0.24466500
       5.4929577       0.24290162       0.23783013       0.24290162
       5.5915493       0.24116879       0.23694723       0.24116879
       5.6901408       0.23946617       0.23608363       0.23946617
       5.7887324       0.23779341       0.23523909       0.23779341
       5.8873239       0.23615020       0.23441337       0.23615020
       5.9859155       0.23453619       0.23360625       0.23453619
       6.0845070       0.23295106       0.23281748       0.23295106
       6.1830986       0.23139450       0.23204686       0.23139450
       6.2816901       0.22986618       0.23129415       0.22986618
       6.3802817       0.22836580       0.23055914       0.22836580
       6.4788732       0.22689304       0.22984161       0.22689304
       6.5774648       0.22544759       0.22914135       0.22544759
       6.6760563       0.22402915       0.22845813       0.22402915
       6.7746479       0.22263743       0.22779177       0.22263743
       6.8732394       0.22127212       0.22714204       0.22127212
       6.9718310       0.21993293       0.22650875       0.21993293
       7.0704225       0.21861957       0.22589170       0.21861957
       7.1690141       0.21733177       0.22529069       0.21733177
       7.2676056       0.21606922       0.22470552       0.21606922
       7.3661972       0.21483166       0.22413601       0.21483166
       7.4647887       0.21361880       0.22358196       0.21361880
       7.5633803       0.21243038       0.22304318       0.21243038
       7.6619718       0.21126612       0.22251950       0.21126612
       7.7605634       0.21012575       0.22201072       0.21012575
       7.8591549       0.20900902       0.22151668       0.20900902
       7.9577465       0.20791566       0.22103720       0.20791566
       8.0563380       0.20684541       0.22057209       0.20684541
       8.1549296       0.20579802       0.22012120       0.20579802
       8.2535211       0.20477324       0.21968434       0.20477324
       8.3521127       0.20377081       0.21926136       0.20377081
       8.4507042       0.20279050       0.21885209       0.20279050
       8.5492958       0.20183206       0.21845638       0.20183206
       8.6478873       0.20089525       0.21807405       0.20089525
       8.7464789       0.19997983       0.21770496       0.19997983
       8.8450704       0.19908557       0.21734894       0.19908557
       8.9436620       0.19821224       0.21700586       0.19821224
       9.0422535       0.19735961       0.21667556       0.19735961
       9.1408451       0.19652745       0.21635789       0.19652745
       9.2394366       0.19571554       0.21605271       0.19571554
       9.3380282       0.19492367       0.21575987       0.19492367
       9.4366197       0.19415161       0.21547925       0.19415161
       9.5352113       0.19339915       0.21521070       0.19339915
       9.6338028       0.19266607       0.21495408       0.19266607
       9.7323944       0.19195218       0.21470926       0.19195218
       9.8309859       0.19125726       0.21447612       0.19125726
       9.9295775       0.19058111       0.21425453       0.19058111
       10.028169       0.18992352       0.21404435       0.18992352
       10.126761       0.18928431       0.21384547       0.18928431
       10.225352       0.18866327       0.21365777       0.18866327
       10.323944       0.18806021       0.21348112       0.18806021
       10.422535       0.18747494       0.21331542       0.18747494
       10.521127       0.18690727       0.21316054       0.18690727
       10.619718       0.18635702       0.21301638       0.18635702
       10.718310       0.18582400       0.21288282       0.18582400
       10.816901       0.18530803       0.21275976       0.18530803
       10.915493       0.18480894       0.21264710       0.18480894
       11.014085       0.18432654       0.21254472       0.18432654
       11.112676       0.18386067       0.21245253       0.18386067
       11.211268       0.18341115       0.21237043       0.18341115
       11.309859       0.18297782       0.21229833       0.18297782
       11.408451       0.18256051       0.21223612       0.18256051
       11.507042       0.18215906       0.21218372       0.18215906
       11.605634       0.18177330       0.21214105       0.18177330
       11.704225       0.18140307       0.21210800       0.18140307
       11.802817       0.18104823       0.21208449       0.18104823
       11.901408       0.18070861       0.21207045       0.18070861
