;   
;  IMD Data
;   
;  Saved on Fri Jun 05 16:06:00 2020
;   
;  Structure: 
;   
;  [Au/Fe] multilayer, N=1, d=37.00 nm, Gamma=0.811
;      Au layer (1), z=30.00 nm, sigma[Fe/Au]=1.00 nm
;      Fe layer (2), z=7.00 nm, sigma=1.00 nm
;   
;  f=-1.0000
;   
;  Theta=45.000 deg, Lambda=800.000 nm
;   
;  Depth, z [nm] 	Int 	Int(s) 	Int(p)
      -2.0000000        1.8427520       0.10014926        1.8427520
      -1.9000000        1.8427520      0.099475325        1.8427520
      -1.8000000        1.8427520      0.098803638        1.8427520
      -1.7000000        1.8427520      0.098134202        1.8427520
      -1.6000000        1.8427520      0.097467019        1.8427520
      -1.5000000        1.8427520      0.096802088        1.8427520
      -1.4000000        1.8427520      0.096139410        1.8427520
      -1.3000000        1.8427520      0.095478987        1.8427520
      -1.2000000        1.8427520      0.094820819        1.8427520
      -1.1000000        1.8427520      0.094164908        1.8427520
      -1.0000000        1.8427520      0.093511253        1.8427520
     -0.90000000        1.8427520      0.092859855        1.8427520
     -0.80000000        1.8427520      0.092210716        1.8427520
     -0.70000000        1.8427520      0.091563837        1.8427520
     -0.60000000        1.8427520      0.090919217        1.8427520
     -0.50000000        1.8427520      0.090276858        1.8427520
     -0.40000000        1.8427520      0.089636761        1.8427520
     -0.30000000        1.8427520      0.088998926        1.8427520
     -0.20000000        1.8427520      0.088363355        1.8427520
     -0.10000000        1.8427520      0.087730047        1.8427520
      0.00000000       0.15587041      0.087099004       0.15587041
      0.10000000       0.15471487      0.086471679       0.15471487
      0.20000000       0.15356880      0.085849496       0.15356880
      0.30000000       0.15243213      0.085232415       0.15243213
      0.40000000       0.15130478      0.084620394       0.15130478
      0.50000000       0.15018667      0.084013393       0.15018667
      0.60000000       0.14907774      0.083411372       0.14907774
      0.70000000       0.14797791      0.082814292       0.14797791
      0.80000000       0.14688711      0.082222112       0.14688711
      0.90000000       0.14580526      0.081634794       0.14580526
       1.0000000       0.14473230      0.081052298       0.14473230
       1.1000000       0.14366815      0.080474587       0.14366815
       1.2000000       0.14261274      0.079901622       0.14261274
       1.3000000       0.14156601      0.079333365       0.14156601
       1.4000000       0.14052788      0.078769778       0.14052788
       1.5000000       0.13949828      0.078210825       0.13949828
       1.6000000       0.13847715      0.077656469       0.13847715
       1.7000000       0.13746442      0.077106672       0.13746442
       1.8000000       0.13646002      0.076561398       0.13646002
       1.9000000       0.13546389      0.076020612       0.13546389
       2.0000000       0.13447596      0.075484278       0.13447596
       2.1000000       0.13349616      0.074952359       0.13349616
       2.2000000       0.13252443      0.074424822       0.13252443
       2.3000000       0.13156071      0.073901630       0.13156071
       2.4000000       0.13060492      0.073382750       0.13060492
       2.5000000       0.12965702      0.072868148       0.12965702
       2.6000000       0.12871693      0.072357788       0.12871693
       2.7000000       0.12778459      0.071851637       0.12778459
       2.8000000       0.12685995      0.071349663       0.12685995
       2.9000000       0.12594294      0.070851831       0.12594294
       3.0000000       0.12503349      0.070358109       0.12503349
       3.1000000       0.12413156      0.069868464       0.12413156
       3.2000000       0.12323707      0.069382864       0.12323707
       3.3000000       0.12234998      0.068901276       0.12234998
       3.4000000       0.12147022      0.068423669       0.12147022
       3.5000000       0.12059773      0.067950011       0.12059773
       3.6000000       0.11973245      0.067480271       0.11973245
       3.7000000       0.11887434      0.067014418       0.11887434
       3.8000000       0.11802333      0.066552420       0.11802333
       3.9000000       0.11717936      0.066094248       0.11717936
       4.0000000       0.11634238      0.065639871       0.11634238
       4.1000000       0.11551234      0.065189258       0.11551234
       4.2000000       0.11468917      0.064742381       0.11468917
       4.3000000       0.11387283      0.064299210       0.11387283
       4.4000000       0.11306326      0.063859714       0.11306326
       4.5000000       0.11226041      0.063423866       0.11226041
       4.6000000       0.11146422      0.062991636       0.11146422
       4.7000000       0.11067464      0.062562995       0.11067464
       4.8000000       0.10989162      0.062137916       0.10989162
       4.9000000       0.10911510      0.061716370       0.10911510
       5.0000000       0.10834505      0.061298330       0.10834505
       5.1000000       0.10758139      0.060883767       0.10758139
       5.2000000       0.10682409      0.060472654       0.10682409
       5.3000000       0.10607310      0.060064964       0.10607310
       5.4000000       0.10532835      0.059660670       0.10532835
       5.5000000       0.10458981      0.059259745       0.10458981
       5.6000000       0.10385743      0.058862162       0.10385743
       5.7000000       0.10313116      0.058467896       0.10313116
       5.8000000       0.10241094      0.058076920       0.10241094
       5.9000000       0.10169673      0.057689209       0.10169673
       6.0000000       0.10098849      0.057304736       0.10098849
       6.1000000       0.10028616      0.056923476       0.10028616
       6.2000000      0.099589708      0.056545404      0.099589708
       6.3000000      0.098899076      0.056170495      0.098899076
       6.4000000      0.098214223      0.055798724      0.098214223
       6.5000000      0.097535103      0.055430066      0.097535103
       6.6000000      0.096861670      0.055064498      0.096861670
       6.7000000      0.096193880      0.054701994      0.096193880
       6.8000000      0.095531690      0.054342531      0.095531690
       6.9000000      0.094875054      0.053986085      0.094875054
       7.0000000      0.094223930      0.053632632      0.094223930
       7.1000000      0.093578274      0.053282149      0.093578274
       7.2000000      0.092938043      0.052934612      0.092938043
       7.3000000      0.092303196      0.052590000      0.092303196
       7.4000000      0.091673689      0.052248288      0.091673689
       7.5000000      0.091049481      0.051909454      0.091049481
       7.6000000      0.090430531      0.051573476      0.090430531
       7.7000000      0.089816797      0.051240332      0.089816797
       7.8000000      0.089208240      0.050909999      0.089208240
       7.9000000      0.088604817      0.050582455      0.088604817
       8.0000000      0.088006491      0.050257679      0.088006491
       8.1000000      0.087413219      0.049935649      0.087413219
       8.2000000      0.086824965      0.049616344      0.086824965
       8.3000000      0.086241687      0.049299743      0.086241687
       8.4000000      0.085663349      0.048985825      0.085663349
       8.5000000      0.085089910      0.048674568      0.085089910
       8.6000000      0.084521334      0.048365953      0.084521334
       8.7000000      0.083957582      0.048059958      0.083957582
       8.8000000      0.083398617      0.047756564      0.083398617
       8.9000000      0.082844401      0.047455751      0.082844401
       9.0000000      0.082294899      0.047157498      0.082294899
       9.1000000      0.081750074      0.046861785      0.081750074
       9.2000000      0.081209888      0.046568594      0.081209888
       9.3000000      0.080674308      0.046277904      0.080674308
       9.4000000      0.080143296      0.045989696      0.080143296
       9.5000000      0.079616818      0.045703952      0.079616818
       9.6000000      0.079094838      0.045420652      0.079094838
       9.7000000      0.078577323      0.045139777      0.078577323
       9.8000000      0.078064237      0.044861309      0.078064237
       9.9000000      0.077555546      0.044585229      0.077555546
       10.000000      0.077051218      0.044311519      0.077051218
       10.100000      0.076551217      0.044040161      0.076551217
       10.200000      0.076055512      0.043771137      0.076055512
       10.300000      0.075564069      0.043504429      0.075564069
       10.400000      0.075076854      0.043240019      0.075076854
       10.500000      0.074593837      0.042977890      0.074593837
       10.600000      0.074114985      0.042718024      0.074114985
       10.700000      0.073640266      0.042460404      0.073640266
       10.800000      0.073169648      0.042205013      0.073169648
       10.900000      0.072703101      0.041951834      0.072703101
       11.000000      0.072240592      0.041700850      0.072240592
       11.100000      0.071782092      0.041452045      0.071782092
       11.200000      0.071327570      0.041205402      0.071327570
       11.300000      0.070876995      0.040960904      0.070876995
       11.400000      0.070430338      0.040718535      0.070430338
       11.500000      0.069987570      0.040478280      0.069987570
       11.600000      0.069548659      0.040240122      0.069548659
       11.700000      0.069113578      0.040004046      0.069113578
       11.800000      0.068682297      0.039770035      0.068682297
       11.900000      0.068254788      0.039538074      0.068254788
       12.000000      0.067831022      0.039308149      0.067831022
       12.100000      0.067410971      0.039080242      0.067410971
       12.200000      0.066994607      0.038854340      0.066994607
       12.300000      0.066581902      0.038630428      0.066581902
       12.400000      0.066172829      0.038408490      0.066172829
       12.500000      0.065767361      0.038188512      0.065767361
       12.600000      0.065365470      0.037970478      0.065365470
       12.700000      0.064967130      0.037754376      0.064967130
       12.800000      0.064572315      0.037540189      0.064572315
       12.900000      0.064180997      0.037327905      0.064180997
       13.000000      0.063793151      0.037117508      0.063793151
       13.100000      0.063408751      0.036908985      0.063408751
       13.200000      0.063027772      0.036702323      0.063027772
       13.300000      0.062650187      0.036497506      0.062650187
       13.400000      0.062275973      0.036294522      0.062275973
       13.500000      0.061905103      0.036093357      0.061905103
       13.600000      0.061537554      0.035893998      0.061537554
       13.700000      0.061173300      0.035696432      0.061173300
       13.800000      0.060812318      0.035500644      0.060812318
       13.900000      0.060454583      0.035306623      0.060454583
       14.000000      0.060100072      0.035114356      0.060100072
       14.100000      0.059748760      0.034923829      0.059748760
       14.200000      0.059400625      0.034735029      0.059400625
       14.300000      0.059055643      0.034547945      0.059055643
       14.400000      0.058713791      0.034362564      0.058713791
       14.500000      0.058375046      0.034178873      0.058375046
       14.600000      0.058039387      0.033996861      0.058039387
       14.700000      0.057706789      0.033816515      0.057706789
       14.800000      0.057377232      0.033637823      0.057377232
       14.900000      0.057050693      0.033460773      0.057050693
       15.000000      0.056727150      0.033285353      0.056727150
       15.100000      0.056406582      0.033111552      0.056406582
       15.200000      0.056088967      0.032939359      0.056088967
       15.300000      0.055774284      0.032768761      0.055774284
       15.400000      0.055462512      0.032599747      0.055462512
       15.500000      0.055153631      0.032432306      0.055153631
       15.600000      0.054847619      0.032266427      0.054847619
       15.700000      0.054544456      0.032102099      0.054544456
       15.800000      0.054244123      0.031939311      0.054244123
       15.900000      0.053946598      0.031778052      0.053946598
       16.000000      0.053651861      0.031618311      0.053651861
       16.100000      0.053359895      0.031460077      0.053359895
       16.200000      0.053070677      0.031303341      0.053070677
       16.300000      0.052784191      0.031148091      0.052784191
       16.400000      0.052500415      0.030994317      0.052500415
       16.500000      0.052219331      0.030842009      0.052219331
       16.600000      0.051940921      0.030691157      0.051940921
       16.700000      0.051665166      0.030541751      0.051665166
       16.800000      0.051392047      0.030393780      0.051392047
       16.900000      0.051121546      0.030247235      0.051121546
       17.000000      0.050853644      0.030102106      0.050853644
       17.100000      0.050588325      0.029958384      0.050588325
       17.200000      0.050325570      0.029816058      0.050325570
       17.300000      0.050065361      0.029675119      0.050065361
       17.400000      0.049807682      0.029535559      0.049807682
       17.500000      0.049552515      0.029397366      0.049552515
       17.600000      0.049299842      0.029260533      0.049299842
       17.700000      0.049049647      0.029125050      0.049049647
       17.800000      0.048801913      0.028990909      0.048801913
       17.900000      0.048556624      0.028858099      0.048556624
       18.000000      0.048313762      0.028726612      0.048313762
       18.100000      0.048073313      0.028596440      0.048073313
       18.200000      0.047835259      0.028467573      0.047835259
       18.300000      0.047599584      0.028340004      0.047599584
       18.400000      0.047366273      0.028213723      0.047366273
       18.500000      0.047135311      0.028088722      0.047135311
       18.600000      0.046906681      0.027964992      0.046906681
       18.700000      0.046680368      0.027842527      0.046680368
       18.800000      0.046456358      0.027721316      0.046456358
       18.900000      0.046234634      0.027601352      0.046234634
       19.000000      0.046015182      0.027482628      0.046015182
       19.100000      0.045797988      0.027365135      0.045797988
       19.200000      0.045583037      0.027248864      0.045583037
       19.300000      0.045370314      0.027133810      0.045370314
       19.400000      0.045159805      0.027019963      0.045159805
       19.500000      0.044951496      0.026907316      0.044951496
       19.600000      0.044745372      0.026795861      0.044745372
       19.700000      0.044541421      0.026685592      0.044541421
       19.800000      0.044339628      0.026576500      0.044339628
       19.900000      0.044139980      0.026468579      0.044139980
       20.000000      0.043942462      0.026361821      0.043942462
       20.100000      0.043747063      0.026256219      0.043747063
       20.200000      0.043553768      0.026151765      0.043553768
       20.300000      0.043362565      0.026048453      0.043362565
       20.400000      0.043173441      0.025946277      0.043173441
       20.500000      0.042986383      0.025845228      0.042986383
       20.600000      0.042801379      0.025745301      0.042801379
       20.700000      0.042618416      0.025646488      0.042618416
       20.800000      0.042437481      0.025548783      0.042437481
       20.900000      0.042258562      0.025452179      0.042258562
       21.000000      0.042081648      0.025356670      0.042081648
       21.100000      0.041906727      0.025262249      0.041906727
       21.200000      0.041733786      0.025168911      0.041733786
       21.300000      0.041562813      0.025076648      0.041562813
       21.400000      0.041393799      0.024985455      0.041393799
       21.500000      0.041226730      0.024895325      0.041226730
       21.600000      0.041061596      0.024806252      0.041061596
       21.700000      0.040898385      0.024718231      0.040898385
       21.800000      0.040737087      0.024631255      0.040737087
       21.900000      0.040577690      0.024545319      0.040577690
       22.000000      0.040420184      0.024460416      0.040420184
       22.100000      0.040264558      0.024376542      0.040264558
       22.200000      0.040110801      0.024293690      0.040110801
       22.300000      0.039958904      0.024211854      0.039958904
       22.400000      0.039808855      0.024131030      0.039808855
       22.500000      0.039660645      0.024051212      0.039660645
       22.600000      0.039514264      0.023972394      0.039514264
       22.700000      0.039369701      0.023894571      0.039369701
       22.800000      0.039226947      0.023817738      0.039226947
       22.900000      0.039085992      0.023741889      0.039085992
       23.000000      0.038946826      0.023667020      0.038946826
       23.100000      0.038809441      0.023593126      0.038809441
       23.200000      0.038673826      0.023520200      0.038673826
       23.300000      0.038539973      0.023448240      0.038539973
       23.400000      0.038407873      0.023377239      0.038407873
       23.500000      0.038277516      0.023307192      0.038277516
       23.600000      0.038148893      0.023238096      0.038148893
       23.700000      0.038021996      0.023169945      0.038021996
       23.800000      0.037896816      0.023102735      0.037896816
       23.900000      0.037773345      0.023036461      0.037773345
       24.000000      0.037651574      0.022971119      0.037651574
       24.100000      0.037531495      0.022906704      0.037531495
       24.200000      0.037413099      0.022843212      0.037413099
       24.300000      0.037296379      0.022780638      0.037296379
       24.400000      0.037181327      0.022718979      0.037181327
       24.500000      0.037067934      0.022658230      0.037067934
       24.600000      0.036956193      0.022598387      0.036956193
       24.700000      0.036846097      0.022539446      0.036846097
       24.800000      0.036737637      0.022481402      0.036737637
       24.900000      0.036630807      0.022424253      0.036630807
       25.000000      0.036525598      0.022367994      0.036525598
       25.100000      0.036422005      0.022312621      0.036422005
       25.200000      0.036320019      0.022258130      0.036320019
       25.300000      0.036219633      0.022204518      0.036219633
       25.400000      0.036120842      0.022151781      0.036120842
       25.500000      0.036023637      0.022099915      0.036023637
       25.600000      0.035928013      0.022048918      0.035928013
       25.700000      0.035833962      0.021998784      0.035833962
       25.800000      0.035741478      0.021949512      0.035741478
       25.900000      0.035650556      0.021901097      0.035650556
       26.000000      0.035561187      0.021853537      0.035561187
       26.100000      0.035473368      0.021806827      0.035473368
       26.200000      0.035387090      0.021760966      0.035387090
       26.300000      0.035302349      0.021715948      0.035302349
       26.400000      0.035219138      0.021671773      0.035219138
       26.500000      0.035137451      0.021628436      0.035137451
       26.600000      0.035057284      0.021585934      0.035057284
       26.700000      0.034978630      0.021544265      0.034978630
       26.800000      0.034901484      0.021503426      0.034901484
       26.900000      0.034825841      0.021463414      0.034825841
       27.000000      0.034751695      0.021424225      0.034751695
       27.100000      0.034679041      0.021385859      0.034679041
       27.200000      0.034607874      0.021348310      0.034607874
       27.300000      0.034538189      0.021311578      0.034538189
       27.400000      0.034469981      0.021275660      0.034469981
       27.500000      0.034403246      0.021240553      0.034403246
       27.600000      0.034337978      0.021206254      0.034337978
       27.700000      0.034274174      0.021172761      0.034274174
       27.800000      0.034211828      0.021140073      0.034211828
       27.900000      0.034150937      0.021108186      0.034150937
       28.000000      0.034091495      0.021077099      0.034091495
       28.100000      0.034033499      0.021046808      0.034033499
       28.200000      0.033976945      0.021017313      0.033976945
       28.300000      0.033921828      0.020988611      0.033921828
       28.400000      0.033868145      0.020960700      0.033868145
       28.500000      0.033815892      0.020933578      0.033815892
       28.600000      0.033765065      0.020907243      0.033765065
       28.700000      0.033715660      0.020881693      0.033715660
       28.800000      0.033667675      0.020856926      0.033667675
       28.900000      0.033621105      0.020832942      0.033621105
       29.000000      0.033575947      0.020809737      0.033575947
       29.100000      0.033532198      0.020787310      0.033532198
       29.200000      0.033489855      0.020765661      0.033489855
       29.300000      0.033448914      0.020744786      0.033448914
       29.400000      0.033409373      0.020724685      0.033409373
       29.500000      0.033371229      0.020705356      0.033371229
       29.600000      0.033334478      0.020686798      0.033334478
       29.700000      0.033299119      0.020669010      0.033299119
       29.800000      0.033265149      0.020651989      0.033265149
       29.900000      0.033232564      0.020635735      0.033232564
       30.000000      0.033283855      0.020620892      0.033283855
       30.098592      0.033249415      0.020606129      0.033249415
       30.197183      0.033215521      0.020591619      0.033215521
       30.295775      0.033182170      0.020577361      0.033182170
       30.394366      0.033149359      0.020563351      0.033149359
       30.492958      0.033117083      0.020549589      0.033117083
       30.591549      0.033085340      0.020536073      0.033085340
       30.690141      0.033054125      0.020522802      0.033054125
       30.788732      0.033023436      0.020509774      0.033023436
       30.887324      0.032993269      0.020496988      0.032993269
       30.985915      0.032963621      0.020484442      0.032963621
       31.084507      0.032934487      0.020472135      0.032934487
       31.183099      0.032905866      0.020460065      0.032905866
       31.281690      0.032877754      0.020448230      0.032877754
       31.380282      0.032850146      0.020436630      0.032850146
       31.478873      0.032823041      0.020425263      0.032823041
       31.577465      0.032796435      0.020414128      0.032796435
       31.676056      0.032770325      0.020403222      0.032770325
       31.774648      0.032744707      0.020392546      0.032744707
       31.873239      0.032719578      0.020382097      0.032719578
       31.971831      0.032694936      0.020371874      0.032694936
       32.070423      0.032670778      0.020361876      0.032670778
       32.169014      0.032647099      0.020352102      0.032647099
       32.267606      0.032623898      0.020342550      0.032623898
       32.366197      0.032601171      0.020333219      0.032601171
       32.464789      0.032578915      0.020324108      0.032578915
       32.563380      0.032557128      0.020315215      0.032557128
       32.661972      0.032535806      0.020306539      0.032535806
       32.760563      0.032514946      0.020298080      0.032514946
       32.859155      0.032494546      0.020289835      0.032494546
       32.957746      0.032474603      0.020281805      0.032474603
       33.056338      0.032455114      0.020273986      0.032455114
       33.154930      0.032436076      0.020266380      0.032436076
       33.253521      0.032417487      0.020258983      0.032417487
       33.352113      0.032399343      0.020251796      0.032399343
       33.450704      0.032381642      0.020244817      0.032381642
       33.549296      0.032364382      0.020238045      0.032364382
       33.647887      0.032347560      0.020231479      0.032347560
       33.746479      0.032331172      0.020225118      0.032331172
       33.845070      0.032315217      0.020218960      0.032315217
       33.943662      0.032299692      0.020213006      0.032299692
       34.042254      0.032284595      0.020207253      0.032284595
       34.140845      0.032269922      0.020201702      0.032269922
       34.239437      0.032255672      0.020196350      0.032255672
       34.338028      0.032241842      0.020191197      0.032241842
       34.436620      0.032228429      0.020186242      0.032228429
       34.535211      0.032215431      0.020181484      0.032215431
       34.633803      0.032202846      0.020176922      0.032202846
       34.732394      0.032190671      0.020172556      0.032190671
       34.830986      0.032178904      0.020168384      0.032178904
       34.929577      0.032167543      0.020164405      0.032167543
       35.028169      0.032156585      0.020160619      0.032156585
       35.126761      0.032146028      0.020157025      0.032146028
       35.225352      0.032135870      0.020153622      0.032135870
       35.323944      0.032126109      0.020150409      0.032126109
       35.422535      0.032116743      0.020147385      0.032116743
       35.521127      0.032107768      0.020144550      0.032107768
       35.619718      0.032099184      0.020141903      0.032099184
       35.718310      0.032090988      0.020139443      0.032090988
       35.816901      0.032083178      0.020137170      0.032083178
       35.915493      0.032075752      0.020135082      0.032075752
       36.014085      0.032068708      0.020133178      0.032068708
       36.112676      0.032062043      0.020131460      0.032062043
       36.211268      0.032055757      0.020129924      0.032055757
       36.309859      0.032049847      0.020128572      0.032049847
       36.408451      0.032044310      0.020127402      0.032044310
       36.507042      0.032039146      0.020126413      0.032039146
       36.605634      0.032034352      0.020125606      0.032034352
       36.704225      0.032029926      0.020124979      0.032029926
       36.802817      0.032025867      0.020124532      0.032025867
       36.901408      0.032022173      0.020124264      0.032022173
