;   
;  IMD Data
;   
;  Saved on Fri Jun 05 16:05:26 2020
;   
;  Structure: 
;   
;  [Fe/Au] multilayer, N=1, d=37.00 nm, Gamma=0.189
;      Fe layer (1), z=7.00 nm, sigma[Fe]=1.00 nm, sigma[Au/Fe]=1.00 nm
;      Au layer (2), z=30.00 nm, sigma=1.00 nm
;   
;  f=-1.0000
;   
;  Theta=45.000 deg, Lambda=800.000 nm
;   
;  Depth, z [nm] 	Int 	Int(s) 	Int(p)
      -2.0000000        1.6681614       0.12197369        1.6681614
      -1.9000000        1.6681614       0.12127449        1.6681614
      -1.8000000        1.6681614       0.12057738        1.6681614
      -1.7000000        1.6681614       0.11988237        1.6681614
      -1.6000000        1.6681614       0.11918946        1.6681614
      -1.5000000        1.6681614       0.11849865        1.6681614
      -1.4000000        1.6681614       0.11780994        1.6681614
      -1.3000000        1.6681614       0.11712333        1.6681614
      -1.2000000        1.6681614       0.11643882        1.6681614
      -1.1000000        1.6681614       0.11575642        1.6681614
      -1.0000000        1.6681614       0.11507612        1.6681614
     -0.90000000        1.6681614       0.11439792        1.6681614
     -0.80000000        1.6681614       0.11372183        1.6681614
     -0.70000000        1.6681614       0.11304785        1.6681614
     -0.60000000        1.6681614       0.11237598        1.6681614
     -0.50000000        1.6681614       0.11170621        1.6681614
     -0.40000000        1.6681614       0.11103855        1.6681614
     -0.30000000        1.6681614       0.11037301        1.6681614
     -0.20000000        1.6681614       0.10970957        1.6681614
     -0.10000000        1.6681614       0.10904824        1.6681614
      0.00000000       0.18404444       0.10836301       0.18404444
      0.10000000       0.18292372       0.10770641       0.18292372
      0.20000000       0.18180838       0.10705289       0.18180838
      0.30000000       0.18069838       0.10640244       0.18069838
      0.40000000       0.17959369       0.10575504       0.17959369
      0.50000000       0.17849429       0.10511068       0.17849429
      0.60000000       0.17740016       0.10446934       0.17740016
      0.70000000       0.17631125       0.10383100       0.17631125
      0.80000000       0.17522755       0.10319566       0.17522755
      0.90000000       0.17414903       0.10256329       0.17414903
       1.0000000       0.17307567       0.10193388       0.17307567
       1.1000000       0.17200743       0.10130742       0.17200743
       1.2000000       0.17094429       0.10068388       0.17094429
       1.3000000       0.16988622       0.10006327       0.16988622
       1.4000000       0.16883321      0.099445549       0.16883321
       1.5000000       0.16778521      0.098830718       0.16778521
       1.6000000       0.16674222      0.098218759       0.16674222
       1.7000000       0.16570419      0.097609657       0.16570419
       1.8000000       0.16467112      0.097003398       0.16467112
       1.9000000       0.16364296      0.096399968       0.16364296
       2.0000000       0.16261971      0.095799353       0.16261971
       2.1000000       0.16160132      0.095201540       0.16160132
       2.2000000       0.16058779      0.094606513       0.16058779
       2.3000000       0.15957908      0.094014261       0.15957908
       2.4000000       0.15857517      0.093424768       0.15857517
       2.5000000       0.15757604      0.092838022       0.15757604
       2.6000000       0.15658167      0.092254009       0.15658167
       2.7000000       0.15559202      0.091672716       0.15559202
       2.8000000       0.15460709      0.091094130       0.15460709
       2.9000000       0.15362683      0.090518237       0.15362683
       3.0000000       0.15265124      0.089945025       0.15265124
       3.1000000       0.15168029      0.089374481       0.15168029
       3.2000000       0.15071395      0.088806592       0.15071395
       3.3000000       0.14975221      0.088241346       0.14975221
       3.4000000       0.14879504      0.087678729       0.14879504
       3.5000000       0.14784242      0.087118730       0.14784242
       3.6000000       0.14689432      0.086561335       0.14689432
       3.7000000       0.14595074      0.086006534       0.14595074
       3.8000000       0.14501163      0.085454313       0.14501163
       3.9000000       0.14407700      0.084904661       0.14407700
       4.0000000       0.14314680      0.084357565       0.14314680
       4.1000000       0.14222103      0.083813014       0.14222103
       4.2000000       0.14129965      0.083270996       0.14129965
       4.3000000       0.14038266      0.082731499       0.14038266
       4.4000000       0.13947002      0.082194511       0.13947002
       4.5000000       0.13856173      0.081660022       0.13856173
       4.6000000       0.13765775      0.081128020       0.13765775
       4.7000000       0.13675808      0.080598493       0.13675808
       4.8000000       0.13586268      0.080071430       0.13586268
       4.9000000       0.13497154      0.079546820       0.13497154
       5.0000000       0.13408465      0.079024653       0.13408465
       5.1000000       0.13320197      0.078504916       0.13320197
       5.2000000       0.13232349      0.077987600       0.13232349
       5.3000000       0.13144920      0.077472693       0.13144920
       5.4000000       0.13057907      0.076960185       0.13057907
       5.5000000       0.12971308      0.076450065       0.12971308
       5.6000000       0.12885122      0.075942323       0.12885122
       5.7000000       0.12799347      0.075436948       0.12799347
       5.8000000       0.12713981      0.074933930       0.12713981
       5.9000000       0.12629022      0.074433259       0.12629022
       6.0000000       0.12544468      0.073934925       0.12544468
       6.1000000       0.12460318      0.073438917       0.12460318
       6.2000000       0.12376569      0.072945225       0.12376569
       6.3000000       0.12293221      0.072453841       0.12293221
       6.4000000       0.12210270      0.071964753       0.12210270
       6.5000000       0.12127717      0.071477952       0.12127717
       6.6000000       0.12045558      0.070993429       0.12045558
       6.7000000       0.11963792      0.070511173       0.11963792
       6.8000000       0.11882417      0.070031176       0.11882417
       6.9000000       0.11801433      0.069553429       0.11801433
       7.0000000       0.11634268      0.069078569       0.11634268
       7.0996678       0.11553055      0.068607681       0.11553055
       7.1993355       0.11472508      0.068140652       0.11472508
       7.2990033       0.11392623      0.067677451       0.11392623
       7.3986711       0.11313393      0.067218049       0.11313393
       7.4983389       0.11234813      0.066762414       0.11234813
       7.5980066       0.11156879      0.066310518       0.11156879
       7.6976744       0.11079586      0.065862330       0.11079586
       7.7973422       0.11002927      0.065417821       0.11002927
       7.8970100       0.10926899      0.064976963       0.10926899
       7.9966777       0.10851496      0.064539725       0.10851496
       8.0963455       0.10776713      0.064106079       0.10776713
       8.1960133       0.10702545      0.063675998       0.10702545
       8.2956811       0.10628987      0.063249452       0.10628987
       8.3953488       0.10556036      0.062826414       0.10556036
       8.4950166       0.10483685      0.062406857       0.10483685
       8.5946844       0.10411930      0.061990751       0.10411930
       8.6943522       0.10340766      0.061578071       0.10340766
       8.7940199       0.10270190      0.061168789       0.10270190
       8.8936877       0.10200195      0.060762878       0.10200195
       8.9933555       0.10130777      0.060360313       0.10130777
       9.0930233       0.10061933      0.059961065       0.10061933
       9.1926910      0.099936567      0.059565109      0.099936567
       9.2923588      0.099259444      0.059172420      0.099259444
       9.3920266      0.098587915      0.058782971      0.098587915
       9.4916944      0.097921936      0.058396737      0.097921936
       9.5913621      0.097261464      0.058013693      0.097261464
       9.6910299      0.096606454      0.057633813      0.096606454
       9.7906977      0.095956865      0.057257072      0.095956865
       9.8903654      0.095312652      0.056883446      0.095312652
       9.9900332      0.094673775      0.056512911      0.094673775
       10.089701      0.094040191      0.056145441      0.094040191
       10.189369      0.093411858      0.055781013      0.093411858
       10.289037      0.092788734      0.055419603      0.092788734
       10.388704      0.092170780      0.055061188      0.092170780
       10.488372      0.091557955      0.054705743      0.091557955
       10.588040      0.090950217      0.054353246      0.090950217
       10.687708      0.090347528      0.054003672      0.090347528
       10.787375      0.089749848      0.053657001      0.089749848
       10.887043      0.089157137      0.053313208      0.089157137
       10.986711      0.088569356      0.052972270      0.088569356
       11.086379      0.087986467      0.052634167      0.087986467
       11.186047      0.087408432      0.052298875      0.087408432
       11.285714      0.086835212      0.051966373      0.086835212
       11.385382      0.086266770      0.051636638      0.086266770
       11.485050      0.085703068      0.051309650      0.085703068
       11.584718      0.085144070      0.050985386      0.085144070
       11.684385      0.084589738      0.050663825      0.084589738
       11.784053      0.084040036      0.050344946      0.084040036
       11.883721      0.083494929      0.050028729      0.083494929
       11.983389      0.082954379      0.049715153      0.082954379
       12.083056      0.082418353      0.049404196      0.082418353
       12.182724      0.081886813      0.049095839      0.081886813
       12.282392      0.081359726      0.048790061      0.081359726
       12.382060      0.080837057      0.048486843      0.080837057
       12.481728      0.080318772      0.048186164      0.080318772
       12.581395      0.079804835      0.047888004      0.079804835
       12.681063      0.079295215      0.047592345      0.079295215
       12.780731      0.078789876      0.047299166      0.078789876
       12.880399      0.078288786      0.047008449      0.078288786
       12.980066      0.077791912      0.046720174      0.077791912
       13.079734      0.077299221      0.046434322      0.077299221
       13.179402      0.076810680      0.046150875      0.076810680
       13.279070      0.076326259      0.045869814      0.076326259
       13.378738      0.075845924      0.045591121      0.075845924
       13.478405      0.075369644      0.045314777      0.075369644
       13.578073      0.074897388      0.045040764      0.074897388
       13.677741      0.074429124      0.044769064      0.074429124
       13.777409      0.073964823      0.044499660      0.073964823
       13.877076      0.073504452      0.044232533      0.073504452
       13.976744      0.073047983      0.043967666      0.073047983
       14.076412      0.072595385      0.043705043      0.072595385
       14.176080      0.072146628      0.043444644      0.072146628
       14.275748      0.071701683      0.043186454      0.071701683
       14.375415      0.071260520      0.042930455      0.071260520
       14.475083      0.070823111      0.042676631      0.070823111
       14.574751      0.070389426      0.042424965      0.070389426
       14.674419      0.069959437      0.042175440      0.069959437
       14.774086      0.069533116      0.041928041      0.069533116
       14.873754      0.069110434      0.041682750      0.069110434
       14.973422      0.068691364      0.041439552      0.068691364
       15.073090      0.068275879      0.041198430      0.068275879
       15.172757      0.067863950      0.040959370      0.067863950
       15.272425      0.067455551      0.040722354      0.067455551
       15.372093      0.067050655      0.040487368      0.067050655
       15.471761      0.066649235      0.040254396      0.066649235
       15.571429      0.066251265      0.040023424      0.066251265
       15.671096      0.065856718      0.039794434      0.065856718
       15.770764      0.065465569      0.039567414      0.065465569
       15.870432      0.065077792      0.039342347      0.065077792
       15.970100      0.064693361      0.039119219      0.064693361
       16.069767      0.064312251      0.038898016      0.064312251
       16.169435      0.063934436      0.038678722      0.063934436
       16.269103      0.063559893      0.038461323      0.063559893
       16.368771      0.063188595      0.038245806      0.063188595
       16.468439      0.062820520      0.038032156      0.062820520
       16.568106      0.062455642      0.037820358      0.062455642
       16.667774      0.062093937      0.037610399      0.062093937
       16.767442      0.061735382      0.037402266      0.061735382
       16.867110      0.061379953      0.037195944      0.061379953
       16.966777      0.061027627      0.036991420      0.061027627
       17.066445      0.060678380      0.036788680      0.060678380
       17.166113      0.060332189      0.036587711      0.060332189
       17.265781      0.059989032      0.036388501      0.059989032
       17.365449      0.059648885      0.036191035      0.059648885
       17.465116      0.059311727      0.035995301      0.059311727
       17.564784      0.058977535      0.035801287      0.058977535
       17.664452      0.058646288      0.035608978      0.058646288
       17.764120      0.058317962      0.035418363      0.058317962
       17.863787      0.057992538      0.035229429      0.057992538
       17.963455      0.057669992      0.035042164      0.057669992
       18.063123      0.057350305      0.034856555      0.057350305
       18.162791      0.057033454      0.034672590      0.057033454
       18.262458      0.056719419      0.034490258      0.056719419
       18.362126      0.056408180      0.034309545      0.056408180
       18.461794      0.056099715      0.034130441      0.056099715
       18.561462      0.055794004      0.033952933      0.055794004
       18.661130      0.055491028      0.033777009      0.055491028
       18.760797      0.055190765      0.033602659      0.055190765
       18.860465      0.054893198      0.033429871      0.054893198
       18.960133      0.054598304      0.033258633      0.054598304
       19.059801      0.054306066      0.033088934      0.054306066
       19.159468      0.054016464      0.032920762      0.054016464
       19.259136      0.053729479      0.032754108      0.053729479
       19.358804      0.053445092      0.032588960      0.053445092
       19.458472      0.053163283      0.032425306      0.053163283
       19.558140      0.052884036      0.032263137      0.052884036
       19.657807      0.052607330      0.032102442      0.052607330
       19.757475      0.052333148      0.031943209      0.052333148
       19.857143      0.052061471      0.031785429      0.052061471
       19.956811      0.051792283      0.031629091      0.051792283
       20.056478      0.051525564      0.031474186      0.051525564
       20.156146      0.051261298      0.031320701      0.051261298
       20.255814      0.050999466      0.031168629      0.050999466
       20.355482      0.050740052      0.031017957      0.050740052
       20.455150      0.050483038      0.030868678      0.050483038
       20.554817      0.050228408      0.030720780      0.050228408
       20.654485      0.049976144      0.030574255      0.049976144
       20.754153      0.049726231      0.030429092      0.049726231
       20.853821      0.049478650      0.030285281      0.049478650
       20.953488      0.049233387      0.030142815      0.049233387
       21.053156      0.048990424      0.030001682      0.048990424
       21.152824      0.048749747      0.029861874      0.048749747
       21.252492      0.048511337      0.029723381      0.048511337
       21.352159      0.048275181      0.029586195      0.048275181
       21.451827      0.048041263      0.029450307      0.048041263
       21.551495      0.047809566      0.029315706      0.047809566
       21.651163      0.047580076      0.029182386      0.047580076
       21.750831      0.047352778      0.029050336      0.047352778
       21.850498      0.047127655      0.028919548      0.047127655
       21.950166      0.046904695      0.028790014      0.046904695
       22.049834      0.046683880      0.028661725      0.046683880
       22.149502      0.046465199      0.028534672      0.046465199
       22.249169      0.046248634      0.028408848      0.046248634
       22.348837      0.046034173      0.028284243      0.046034173
       22.448505      0.045821801      0.028160850      0.045821801
       22.548173      0.045611504      0.028038660      0.045611504
       22.647841      0.045403269      0.027917666      0.045403269
       22.747508      0.045197080      0.027797859      0.045197080
       22.847176      0.044992925      0.027679232      0.044992925
       22.946844      0.044790791      0.027561777      0.044790791
       23.046512      0.044590663      0.027445486      0.044590663
       23.146179      0.044392528      0.027330351      0.044392528
       23.245847      0.044196374      0.027216365      0.044196374
       23.345515      0.044002187      0.027103520      0.044002187
       23.445183      0.043809955      0.026991809      0.043809955
       23.544850      0.043619664      0.026881224      0.043619664
       23.644518      0.043431302      0.026771759      0.043431302
       23.744186      0.043244857      0.026663405      0.043244857
       23.843854      0.043060316      0.026556157      0.043060316
       23.943522      0.042877667      0.026450006      0.042877667
       24.043189      0.042696898      0.026344945      0.042696898
       24.142857      0.042517997      0.026240969      0.042517997
       24.242525      0.042340952      0.026138070      0.042340952
       24.342193      0.042165751      0.026036240      0.042165751
       24.441860      0.041992383      0.025935474      0.041992383
       24.541528      0.041820835      0.025835765      0.041820835
       24.641196      0.041651098      0.025737106      0.041651098
       24.740864      0.041483159      0.025639491      0.041483159
       24.840532      0.041317007      0.025542913      0.041317007
       24.940199      0.041152631      0.025447365      0.041152631
       25.039867      0.040990021      0.025352843      0.040990021
       25.139535      0.040829165      0.025259338      0.040829165
       25.239203      0.040670053      0.025166846      0.040670053
       25.338870      0.040512674      0.025075360      0.040512674
       25.438538      0.040357018      0.024984874      0.040357018
       25.538206      0.040203075      0.024895382      0.040203075
       25.637874      0.040050833      0.024806878      0.040050833
       25.737542      0.039900284      0.024719356      0.039900284
       25.837209      0.039751416      0.024632811      0.039751416
       25.936877      0.039604221      0.024547236      0.039604221
       26.036545      0.039458688      0.024462627      0.039458688
       26.136213      0.039314808      0.024378977      0.039314808
       26.235880      0.039172571      0.024296281      0.039172571
       26.335548      0.039031967      0.024214533      0.039031967
       26.435216      0.038892988      0.024133729      0.038892988
       26.534884      0.038755623      0.024053863      0.038755623
       26.634551      0.038619864      0.023974929      0.038619864
       26.734219      0.038485702      0.023896922      0.038485702
       26.833887      0.038353128      0.023819837      0.038353128
       26.933555      0.038222133      0.023743670      0.038222133
       27.033223      0.038092708      0.023668414      0.038092708
       27.132890      0.037964844      0.023594065      0.037964844
       27.232558      0.037838534      0.023520619      0.037838534
       27.332226      0.037713768      0.023448069      0.037713768
       27.431894      0.037590539      0.023376412      0.037590539
       27.531561      0.037468837      0.023305643      0.037468837
       27.631229      0.037348656      0.023235757      0.037348656
       27.730897      0.037229986      0.023166749      0.037229986
       27.830565      0.037112821      0.023098615      0.037112821
       27.930233      0.036997151      0.023031350      0.036997151
       28.029900      0.036882970      0.022964950      0.036882970
       28.129568      0.036770270      0.022899410      0.036770270
       28.229236      0.036659043      0.022834727      0.036659043
       28.328904      0.036549282      0.022770895      0.036549282
       28.428571      0.036440979      0.022707911      0.036440979
       28.528239      0.036334127      0.022645770      0.036334127
       28.627907      0.036228719      0.022584469      0.036228719
       28.727575      0.036124749      0.022524002      0.036124749
       28.827243      0.036022208      0.022464367      0.036022208
       28.926910      0.035921090      0.022405559      0.035921090
       29.026578      0.035821389      0.022347575      0.035821389
       29.126246      0.035723098      0.022290410      0.035723098
       29.225914      0.035626209      0.022234060      0.035626209
       29.325581      0.035530717      0.022178523      0.035530717
       29.425249      0.035436615      0.022123794      0.035436615
       29.524917      0.035343897      0.022069869      0.035343897
       29.624585      0.035252557      0.022016746      0.035252557
       29.724252      0.035162588      0.021964420      0.035162588
       29.823920      0.035073984      0.021912888      0.035073984
       29.923588      0.034986740      0.021862147      0.034986740
       30.023256      0.034900849      0.021812192      0.034900849
       30.122924      0.034816306      0.021763022      0.034816306
       30.222591      0.034733106      0.021714633      0.034733106
       30.322259      0.034651241      0.021667021      0.034651241
       30.421927      0.034570708      0.021620183      0.034570708
       30.521595      0.034491500      0.021574116      0.034491500
       30.621262      0.034413612      0.021528818      0.034413612
       30.720930      0.034337039      0.021484284      0.034337039
       30.820598      0.034261776      0.021440512      0.034261776
       30.920266      0.034187818      0.021397500      0.034187818
       31.019934      0.034115159      0.021355244      0.034115159
       31.119601      0.034043795      0.021313742      0.034043795
       31.219269      0.033973721      0.021272990      0.033973721
       31.318937      0.033904932      0.021232986      0.033904932
       31.418605      0.033837423      0.021193728      0.033837423
       31.518272      0.033771190      0.021155212      0.033771190
       31.617940      0.033706229      0.021117436      0.033706229
       31.717608      0.033642534      0.021080398      0.033642534
       31.817276      0.033580103      0.021044095      0.033580103
       31.916944      0.033518929      0.021008525      0.033518929
       32.016611      0.033459010      0.020973685      0.033459010
       32.116279      0.033400341      0.020939573      0.033400341
       32.215947      0.033342918      0.020906187      0.033342918
       32.315615      0.033286738      0.020873524      0.033286738
       32.415282      0.033231795      0.020841583      0.033231795
       32.514950      0.033178088      0.020810360      0.033178088
       32.614618      0.033125611      0.020779855      0.033125611
       32.714286      0.033074362      0.020750065      0.033074362
       32.813953      0.033024336      0.020720988      0.033024336
       32.913621      0.032975531      0.020692621      0.032975531
       33.013289      0.032927943      0.020664964      0.032927943
       33.112957      0.032881569      0.020638014      0.032881569
       33.212625      0.032836405      0.020611770      0.032836405
       33.312292      0.032792449      0.020586229      0.032792449
       33.411960      0.032749697      0.020561390      0.032749697
       33.511628      0.032708146      0.020537252      0.032708146
       33.611296      0.032667795      0.020513812      0.032667795
       33.710963      0.032628638      0.020491069      0.032628638
       33.810631      0.032590675      0.020469022      0.032590675
       33.910299      0.032553903      0.020447669      0.032553903
       34.009967      0.032518318      0.020427008      0.032518318
       34.109635      0.032483918      0.020407038      0.032483918
       34.209302      0.032450702      0.020387759      0.032450702
       34.308970      0.032418666      0.020369167      0.032418666
       34.408638      0.032387808      0.020351263      0.032387808
       34.508306      0.032358127      0.020334046      0.032358127
       34.607973      0.032329619      0.020317512      0.032329619
       34.707641      0.032302284      0.020301663      0.032302284
       34.807309      0.032276118      0.020286496      0.032276118
       34.906977      0.032251121      0.020272011      0.032251121
       35.006645      0.032227290      0.020258206      0.032227290
       35.106312      0.032204624      0.020245081      0.032204624
       35.205980      0.032183121      0.020232635      0.032183121
       35.305648      0.032162779      0.020220866      0.032162779
       35.405316      0.032143598      0.020209775      0.032143598
       35.504983      0.032125575      0.020199360      0.032125575
       35.604651      0.032108709      0.020189620      0.032108709
       35.704319      0.032092999      0.020180555      0.032092999
       35.803987      0.032078443      0.020172164      0.032078443
       35.903654      0.032065042      0.020164447      0.032065042
       36.003322      0.032052793      0.020157403      0.032052793
       36.102990      0.032041696      0.020151031      0.032041696
       36.202658      0.032031749      0.020145331      0.032031749
       36.302326      0.032022952      0.020140303      0.032022952
       36.401993      0.032015305      0.020135947      0.032015305
       36.501661      0.032008806      0.020132261      0.032008806
       36.601329      0.032003455      0.020129245      0.032003455
       36.700997      0.031999252      0.020126900      0.031999252
       36.800664      0.031996195      0.020125226      0.031996195
       36.900332      0.031994285      0.020124221      0.031994285
