Fe  -3.00000   0.00000   3.00000
Fe  -3.00000   3.00000   3.00000
Fe  -3.00000   6.00000   3.00000
Fe  -3.00000   -3.00000   3.00000
Fe  -3.00000   9.00000   3.00000
Fe   0.00000  -3.00000   3.00000
Fe   0.00000   0.00000   3.00000
Fe   0.00000   3.00000   3.00000
Fe   0.00000   6.00000   3.00000
Fe   0.00000   9.00000   3.00000
Fe   3.00000  -3.00000   3.00000
Fe   3.00000   0.00000   3.00000
Fe   3.00000   3.00000   3.00000
Fe   3.00000   6.00000   3.00000
Fe   3.00000   9.00000   3.00000
Fe   6.00000   0.00000   3.00000
Fe   6.00000   3.00000   3.00000
Fe   6.00000   6.00000   3.00000
Fe   6.00000   -3.00000   3.00000
Fe   6.00000   9.00000   3.00000
Au  -1.50000   1.50000   4.50000
Au   1.50000  -1.50000   4.50000
Au   1.50000   1.50000   4.50000
Au   4.50000   4.50000   4.50000
Au   4.50000   1.50000   4.50000
Au   4.50000   7.50000   4.50000
Au   1.50000   4.50000   4.50000
Au   7.50000   4.50000   4.50000


