EDC100_101	Energy	Weighted					Summe		
0	-1,869	0				0,001	0,21345117		
0	-1,864	0				0,006	0,91758987		
0	-1,859	0				0,011	1,512051782		
0	-1,854	0				0,016	1,548926782		
0	-1,849	0				0,021	2,497331071		
0	-1,844	0				0,026	0,382317391		
62,241211	-1,839	-114,461587				0,031	0,127687508		
-138,33545	-1,834	253,7072153				0,036	-2,641658212		
-28,69458	-1,829	52,48238682				0,041	-7,224749322		
73,142822	-1,824	-133,4125073				0,046	-19,08365282		
24,939941	-1,819	-45,36575268				0,051	-18,5479785		
-106,58313	-1,814	193,3417978				0,056	-5,904720744		
90,369995	-1,809	-163,479321				0,061	-12,27388934		
63,703857	-1,804	-114,921758				0,066	-8,652236034		
93,696289	-1,799	-168,5596239				0,071	-9,056793892		
226,3175	-1,794	-406,013595				0,076	-13,13980854		
0,37805176	-1,789	-0,676334599				0,081	-16,5746555		
-13,823242	-1,784	24,66066373				0,086	-10,11736984		
-131,60217	-1,779	234,1202604				0,091	-14,58738939		
-0,87243652	-1,774	1,547702386				0,096	-20,56495967		
-4,0064697	-1,769	7,087444899				0,101	-16,15815655		
134,17603	-1,764	-236,6865169				0,106	-20,94524958		
-138,77649	-1,759	244,1078459				0,111	-16,08778014		
65,650391	-1,754	-115,1507858				0,116	-7,408595524		
179,05847	-1,749	-313,173264				0,121	-17,25653614		
-54,102051	-1,744	94,35397694				0,126	-25,57235924		
14,728394	-1,739	-25,61267717				0,131	-25,12753973		
-273,22363	-1,734	473,7697744				0,136	-20,4972976		
6,7702637	-1,729	-11,70578594				0,141	-14,70906853		
-43,109009	-1,724	74,31993152				0,146	-2,433047472		
148,78467	-1,719	-255,7608477				0,151	-1,903174248		
-129,7113	-1,714	222,3251682				0,156	-1,542438538		
-189,99329	-1,709	324,6985326				0,161	-1,613441071		
86,619141	-1,704	-147,5990163				0,166	8,305530037		
100,50171	-1,699	-170,7524053				0,171	11,89386859		
-70,336914	-1,694	119,1507323				0,176	20,66300083		
17,417847	-1,689	-29,41874358				0,181	33,35153831		
39,865356	-1,684	-67,1332595				0,186	34,4819163		
54,321289	-1,679	-91,20544423				0,191	28,16086718		
-74,825073	-1,674	125,2571722				0,196	20,24542913		
15,476807	-1,669	-25,83079088				0,201	18,62164627		
48,79895	-1,664	-81,2014528				0,206	18,54850143		
161,69849	-1,659	-268,2577949				0,211	7,75166245		
46,937866	-1,654	-77,63523036				0,216	8,593174538		
72,223877	-1,649	-119,0971732				0,221	12,73679128		
30,901855	-1,644	-50,80264962				0,226	16,68357346		
137,4281	-1,639	-225,2446559				0,231	24,52747668		
-166,5564	-1,634	272,1531576				0,236	32,3214725		
-153,34827	-1,629	249,8043318				0,241	33,79735939		
-181,90088	-1,624	295,4070291				0,246	34,40800044		
54,943481	-1,619	-88,95349574				0,251	35,53830186		
-38,123291	-1,614	61,53099167				0,256	41,72920823		
-3,5705566	-1,609	5,745025569				0,261	43,07228732		
-142,68262	-1,604	228,8629225				0,266	46,18016376		
145,65564	-1,599	-232,9033684				0,271	51,85535091		
-72,983276	-1,594	116,3353419				0,276	57,00205125		
-25,45813	-1,589	40,45296857				0,281	60,44802731		
-41,272827	-1,584	65,37615797				0,286	64,18064849		
120,00342	-1,579	-189,4854002				0,291	69,32846759		
58,263916	-1,574	-91,70740378				0,296	73,91650814		
122,43335	-1,569	-192,0979262				0,301	75,39844606		
162,77417	-1,564	-254,5788019				0,306	78,7150191		
-52,969727	-1,559	82,57980439				0,311	80,15419667		
-17,749756	-1,554	27,58312082				0,316	81,91702612		
-108,32007	-1,549	167,7877884				0,321	85,96647611		
125,67358	-1,544	-194,0400075				0,326	91,87346897		
55,013428	-1,539	-84,66566569				0,331	93,58296494		
25,68335	-1,534	-39,3982589				0,336	93,46053786		
-74,445557	-1,529	113,8272567				0,341	96,58513911		
12,37793	-1,524	-18,86396532				0,346	98,20224519		
168,21313	-1,519	-255,5157445				0,351	102,9394872		
-35,797607	-1,514	54,197577				0,356	109,3096455		
134,11694	-1,509	-202,3824625				0,361	112,6940253		
194,24121	-1,504	-292,1387798				0,366	116,644704		
-57,28833	-1,499	85,87520667				0,371	124,0730567		
-17,664551	-1,494	26,39083919				0,376	128,337875		
-86,539307	-1,489	128,8570281				0,381	131,7692019		
132,18555	-1,484	-196,1633562				0,386	133,3327446		
127,97314	-1,479	-189,2722741				0,391	136,9231997		
157,22266	-1,474	-231,7462008				0,396	140,7260941		
80,677002	-1,469	-118,5145159				0,401	146,228005		
42,856689	-1,464	-62,7421927				0,406	151,1374759		
141,20581	-1,459	-206,0192768				0,411	157,6714039		
-123,76392	-1,454	179,9527397				0,416	162,4137498		
-338,88477	-1,449	491,0440317				0,421	164,6386818		
-46,714111	-1,444	67,45517628				0,426	167,1879926		
57,959229	-1,439	-83,40333053				0,431	170,7227964		
-220,67456	-1,434	316,447319				0,436	171,0737984		
-189,23218	-1,429	270,4127852				0,441	174,0296697		
-91,067139	-1,424	129,6796059				0,446	179,1831671		
-299,07764	-1,419	424,3911712				0,451	183,0629178		
152,00659	-1,414	-214,9373183				0,456	186,7923039		
243,4668	-1,409	-343,0447212				0,461	191,0209326		
31,542725	-1,404	-44,2859859				0,466	194,7070761		
-48,759277	-1,399	68,21422852				0,471	197,8554667		
234,48828	-1,394	-326,8766623				0,476	200,7941678		
-251,40283	-1,389	349,1985309				0,481	201,1412965		
-130,77222	-1,384	180,9887525				0,486	202,1613625		
-89,359375	-1,379	123,2265781				0,491	208,8554572		
-32,588623	-1,374	44,776768				0,496	211,0901342		
261,87451	-1,369	-358,5062042				0,501	216,0404677		
-338,08667	-1,364	461,1502179				0,506	219,7741581		
122,22876	-1,359	-166,1088848				0,511	222,3317877		
26,242188	-1,354	-35,53192255				0,516	225,9914165		
-73,016602	-1,349	98,4993961				0,521	232,2532196		
-354,36792	-1,344	476,2704845				0,526	239,1738794		
144,28589	-1,339	-193,1988067				0,531	245,1067233		
409,43701	-1,334	-546,1889713				0,536	249,9843225		
-77,73584	-1,329	103,3109314				0,541	252,8297884		
49,589844	-1,324	-65,65695346				0,546	255,0401486		
83,905762	-1,319	-110,6717001				0,551	258,5176283		
41,354492	-1,314	-54,33980249				0,556	261,827091		
204,83301	-1,309	-268,1264101				0,561	264,1217777		
44,185059	-1,304	-57,61731694				0,566	267,7966101		
-18,551758	-1,299	24,09873364				0,571	273,1495565		
-97,17334	-1,294	125,742302				0,576	277,8219852		
-196,89404	-1,289	253,7964176				0,581	282,2449517		
-37,785645	-1,284	48,51676818				0,586	289,4152003		
-153,44385	-1,279	196,2546842				0,591	295,9338132		
25,833984	-1,274	-32,91249562				0,596	301,430451		
389,29883	-1,269	-494,0202153				0,601	303,531165		
-30,950195	-1,264	39,12104648				0,606	306,6021908		
35,88916	-1,259	-45,18445244				0,611	310,8567524		
380,20117	-1,254	-476,7722672				0,616	314,8491606		
20,585449	-1,249	-25,7112258				0,621	319,0416764		
-58,602539	-1,244	72,90155852				0,626	324,8195253		
-224,05566	-1,239	277,6049627				0,631	330,301605		
455,43848	-1,234	-562,0110843				0,636	332,0751388		
358,31152	-1,229	-440,3648581				0,641	335,1272667		
-93,618164	-1,224	114,5886327				0,646	339,0947336		
289,58594	-1,219	-353,0052609				0,651	343,8182068		
308,61914	-1,214	-374,663636				0,656	349,3486648		
332,9707	-1,209	-402,5615763				0,661	350,5247327		
503,11328	-1,204	-605,7483891				0,666	354,4053035		
138,62695	-1,199	-166,2137131				0,671	355,7381572		
-56,806641	-1,194	67,82712935				0,676	358,3007015		
403,08008	-1,189	-479,2622151				0,681	363,7424311		
575,40039	-1,184	-681,2740618				0,686	368,8737902		
145,86133	-1,179	-171,9705081				0,691	372,9074175		
-61,433594	-1,174	72,12303936				0,696	377,236685		
477,70898	-1,169	-558,4417976				0,701	383,604187		
-638,58008	-1,164	743,3072131				0,706	389,8575915		
-176,08008	-1,159	204,0768127				0,711	393,2344499		
118,89453	-1,154	-137,2042876				0,716	393,5001716		
450,58203	-1,149	-517,7187525				0,721	393,8757328		
-129,38867	-1,144	148,0206385				0,726	395,1077066		
73,978516	-1,139	-84,26152972				0,731	396,2641307		
474,17969	-1,134	-537,7197685				0,736	396,3308016		
42,621094	-1,129	-48,11921513				0,741	396,2609659		
1266,2207	-1,124	-1423,232067				0,746	401,2177467		
246,16602	-1,119	-275,4597764				0,751	405,9619264		
-171,07422	-1,114	190,5766811				0,756	411,566041		
616,38281	-1,109	-683,5685363				0,761	418,4529467		
125,73828	-1,104	-138,8150611				0,766	424,1305881		
158,03906	-1,099	-173,6849269				0,771	428,2418482		
544,48828	-1,094	-595,6701783				0,776	431,0541653		
-479,92188	-1,089	522,6349273				0,781	433,5374381		
-402,73047	-1,084	436,5598295				0,786	436,2244863		
755,26562	-1,079	-814,931604				0,791	439,1634523		
402,35156	-1,074	-432,1255754				0,796	446,8049615		
-34,902344	-1,069	37,31060574				0,801	453,922308		
461,375	-1,064	-490,903				0,806	459,1399957		
4,4570312	-1,059	-4,719996041				0,811	464,9141547		
-15,949219	-1,054	16,81047683				0,816	468,5315964		
-132,23828	-1,049	138,7179557				0,821	472,0185707		
1026,8711	-1,044	-1072,053428				0,826	475,5284397		
-506,39062	-1,039	526,1398542				0,831	478,1657387		
-549,99219	-1,034	568,6919245				0,836	480,4607521		
-237,07031	-1,029	243,945349				0,841	489,6561343		
9,4414062	-1,024	-9,667999949				0,846	499,8642469		
244,45312	-1,019	-249,0977293				0,851	505,3248276		
-281,86328	-1,014	285,8093659				0,856	513,3666647		
357	-1,009	-360,213				0,861	519,4416563		
-409,21875	-1,004	410,855625				0,866	522,539018		
-619,44922	-0,999	618,8297708				0,871	524,0374382		
51,226562	-0,994	-50,91920263				0,876	526,9467317		
-987,82031	-0,989	976,9542866				0,881	534,4250351		
505,25391	-0,984	-497,1698474				0,886	542,5414524		
-725,21875	-0,979	709,9891563				0,891	545,8112179		
-288,68359	-0,974	281,1778167				0,896	546,3558487		
257,83594	-0,969	-249,8430259				0,901	550,765408		
-701,35547	-0,964	676,1066731				0,906	556,4597561		
99,386719	-0,959	-95,31186352				0,911	555,8300187		
-942,85938	-0,954	899,4878485				0,916	557,5900038		
-80,046875	-0,949	75,96448438				0,921	558,6714221		
529,72656	-0,944	-500,0618726				0,926	558,5971318		
-217,10547	-0,939	203,8620363				0,931	563,6555564		
-370,16016	-0,934	345,7295894				0,936	565,0876397		
637,82422	-0,929	-592,5387004				0,941	567,8852597		
12,226562	-0,924	-11,29734329				0,946	579,7603485		
438,26172	-0,919	-402,7625207				0,951	589,8968407		
47,820312	-0,914	-43,70776517				0,956	598,6744891		
-290,8125	-0,909	264,3485625				0,961	608,1875291		
155,94531	-0,904	-140,9745602				0,966	620,7639343		
-185,66797	-0,899	166,915505				0,971	634,1658559		
-1256,7695	-0,894	1123,551933				0,976	644,6615432		
225,75	-0,889	-200,69175				0,981	648,5835502		
-634,80469	-0,884	561,167346				0,986	651,4408254		
-102,97266	-0,879	90,51296814				0,991	652,4202185		
453,22656	-0,874	-396,1200134				0,996	651,0646116		
498,70312	-0,869	-433,3730113				1,001	652,4591882		
-490,29297	-0,864	423,6131261				1,006	656,6160344		
-354,90234	-0,859	304,8611101				1,011	661,5464908		
0,7890625	-0,854	-0,673859375				1,016	662,7081723		
-167,33203	-0,849	142,0648935				1,021	665,2096786		
121,65234	-0,844	-102,674575				1,026	672,2382447		
663,01562	-0,839	-556,2701052				1,031	685,182294		
35,738281	-0,834	-29,80572635				1,036	695,0302487		
-875,15234	-0,829	725,5012899				1,041	699,652746		
621,00781	-0,824	-511,7104354				1,046	700,8007939		
-403,67969	-0,819	330,6136661				1,051	703,6980536		
-477,14844	-0,814	388,3988302				1,056	709,7888592		
-582,58594	-0,809	471,3120255				1,061	718,2653135		
-698,96094	-0,804	561,9645958				1,066	721,0123113		
170,16016	-0,799	-135,9579678				1,071	721,6375521		
-211,05469	-0,794	167,5774239				1,076	726,8506456		
468,16797	-0,789	-369,3845283				1,081	731,1117249		
608,35156	-0,784	-476,947623				1,086	735,1368392		
302,03516	-0,779	-235,2853896				1,091	741,3492583		
1224,5859	-0,774	-947,8294866				1,096	747,721833		
-9,4257812	-0,769	7,248425743				1,101	752,6731632		
656,28125	-0,764	-501,398875				1,106	754,8675781		
172,01562	-0,759	-130,5598556				1,111	757,436154		
-798,50781	-0,754	602,0748887				1,116	760,7070842		
286,78906	-0,749	-214,8050059				1,121	763,7427231		
1262,0977	-0,744	-939,0006888				1,126	765,9771028		
-88,3125	-0,739	65,2629375				1,131	767,623203		
84,875	-0,734	-62,29825				1,136	769,5776325		
-204,54297	-0,729	149,1118251				1,141	772,0959174		
-29,84375	-0,724	21,606875				1,146	776,1636794		
698,875	-0,719	-502,491125				1,151	784,4632083		
66,671875	-0,714	-47,60371875				1,156	791,7434906		
-238,64844	-0,709	169,201744				1,161	794,8415911		
-324,70312	-0,704	228,5909965				1,166	795,1441875		
427,33594	-0,699	-298,7078221				1,171	796,1003673		
-426,17578	-0,694	295,7659913				1,176	800,7667599		
-383,91406	-0,689	264,5167873				1,181	806,3087551		
229,92969	-0,684	-157,271908				1,186	812,4210969		
260,04297	-0,679	-176,5691766				1,191	819,6110374		
-166,04688	-0,674	111,9155971				1,196	825,2792542		
240,49609	-0,669	-160,8918842				1,201	829,5109889		
-273,24219	-0,664	181,4328142				1,206	836,2462654		
247,05078	-0,659	-162,806464				1,211	843,4724399		
380,45703	-0,654	-248,8188976				1,216	849,4415883		
664,90625	-0,649	-431,5241563				1,221	855,2071912		
296,5	-0,644	-190,946				1,226	860,4128846		
302,78906	-0,639	-193,4822093				1,231	864,0524964		
346,57812	-0,634	-219,7305281				1,236	866,9020973		
605,6875	-0,629	-380,9774375				1,241	869,1517728		
78,511719	-0,624	-48,99131266				1,246	870,081383		
159,09766	-0,619	-98,48145154				1,251	870,5586385		
-107,84766	-0,614	66,21846324				1,256	871,6370738		
-515,98828	-0,609	314,2368625				1,261	872,6983147		
-246,55078	-0,604	148,9166711				1,266	874,3442091		
-202,88281	-0,599	121,5268032				1,271	879,0413355		
121,45312	-0,594	-72,14315328				1,276	883,4422055		
-419,37109	-0,589	247,009572				1,281	885,0928404		
-86,925781	-0,584	50,7646561				1,286	891,1531124		
69,980469	-0,579	-40,51869155				1,291	900,129289		
-291,65625	-0,574	167,4106875				1,296	902,4138383		
222,81641	-0,569	-126,7825373				1,301	901,454169		
105,05469	-0,564	-59,25084516				1,306	901,0309478		
-694,70703	-0,559	388,3412298				1,311	904,7313038		
-335,19531	-0,554	185,6982017				1,316	911,5263691		
680,23828	-0,549	-373,4508157				1,321	915,0552483		
14,019531	-0,544	-7,626624864				1,326	918,031858		
-178,60156	-0,539	96,26624084				1,331	923,6953952		
-1069,0352	-0,534	570,8647968				1,336	930,618441		
136,15625	-0,529	-72,02665625				1,341	937,7637673		
-248,02734	-0,524	129,9663262				1,346	942,8466728		
163,8125	-0,519	-85,0186875				1,351	947,5582539		
-471,66406	-0,514	242,4353268				1,356	954,9102305		
-16,828125	-0,509	8,565515625				1,361	960,8518408		
-540,88281	-0,504	272,6049362				1,366	963,8392164		
-182,24609	-0,499	90,94079891				1,371	969,7001919		
-120,08984	-0,494	59,32438096				1,376	977,7807591		
-245,52344	-0,489	120,0609622				1,381	982,6243678		
-466,90234	-0,484	225,9807326				1,386	985,3159524		
11,503906	-0,479	-5,510370974				1,391	987,5193292		
-27,503906	-0,474	13,03685144				1,396	990,2236564		
107,39062	-0,469	-50,36620078				1,401	993,9814886		
191,53516	-0,464	-88,87231424				1,406	999,4971634		
522,18359	-0,459	-239,6822678				1,411	1005,274689		
266,46875	-0,454	-120,9768125				1,416	1006,728629		
-13,316406	-0,449	5,979066294				1,421	1006,46126		
465,4375	-0,444	-206,65425				1,426	1008,049509		
-217,29297	-0,439	95,39161383				1,431	1010,834387		
-360,25	-0,434	156,3485				1,436	1014,394383		
-916,67188	-0,429	393,2522365				1,441	1018,114357		
-1133,4531	-0,424	480,5841144				1,446	1022,251962		
-499,46094	-0,419	209,2741339				1,451	1028,496906		
-66,769531	-0,414	27,64258583				1,456	1034,812889		
-282	-0,409	115,338				1,461	1036,702808		
220,25391	-0,404	-88,98257964				1,466	1037,474484		
252,10156	-0,399	-100,5885224				1,471	1040,456014		
-232,26172	-0,394	91,51111768				1,476	1043,275962		
1182,6328	-0,389	-460,0441592				1,481	1045,136742		
222,64648	-0,384	-85,49624832				1,486	1049,974055		
760,48633	-0,379	-288,2243191				1,491	1057,44363		
358,52148	-0,374	-134,0870335				1,496	1060,70082		
-441,46875	-0,369	162,9019688				1,501	1060,279654		
-93,738281	-0,364	34,12073428				1,506	1060,150568		
-432,39453	-0,359	155,2296363				1,511	1061,248997		
511,24023	-0,354	-180,9790414				1,516	1064,688979		
-3,5761719	-0,349	1,248083993				1,521	1068,199608		
193,625	-0,344	-66,607				1,526	1069,784075		
-372,97852	-0,339	126,4397183				1,531	1069,972149		
140,91211	-0,334	-47,06464474				1,536	1069,170643		
-615,2832	-0,329	202,4281728				1,541	1069,275009		
-985,50195	-0,324	319,3026318				1,546	1070,755451		
-459,76953	-0,319	146,6664801				1,551	1072,471062		
230,51953	-0,314	-72,38313242				1,556	1074,155603		
635,52539	-0,309	-196,3773455				1,561	1075,658171		
304,12695	-0,304	-92,4545928				1,566	1077,762833		
421,77344	-0,299	-126,1102586				1,571	1082,931504		
419,00195	-0,294	-123,1865733				1,576	1089,387988		
-304,78125	-0,289	88,08178125				1,581	1092,961926		
-500,45312	-0,284	142,1286861				1,586	1095,14554		
-139,16992	-0,279	38,82840768				1,591	1098,413736		
-181,58789	-0,274	49,75508186				1,596	1101,102233		
-397,98828	-0,269	107,0588473				1,601	1101,390469		
565,70508	-0,264	-149,3461411				1,606	1101,240595		
-127,74414	-0,259	33,08573226				1,611	1102,182553		
123,33594	-0,254	-31,32732876				1,616	1103,534151		
-113,34961	-0,249	28,22405289				1,621	1104,891306		
298,375	-0,244	-72,8035				1,626	1106,386199		
-4,5566406	-0,239	1,089037103				1,631	1108,205629		
220,97656	-0,234	-51,70851504				1,636	1112,765371		
-450,73242	-0,229	103,2177242				1,641	1120,644588		
-379,91406	-0,224	85,10074944				1,646	1126,579682		
93,71875	-0,219	-20,52440625				1,651	1128,98496	2794517,228	4,47696E+23
-334,25781	-0,214	71,53117134							
24,244141	-0,209	-5,067025469							
440,36133	-0,204	-89,83371132							
-6,8105469	-0,199	1,355298833							
76,804688	-0,194	-14,90010947							
-621,55859	-0,189	117,4745735							
-384,70312	-0,184	70,78537408							
40,095703	-0,179	-7,177130837							
185,10547	-0,174	-32,20835178							
-42,695312	-0,169	7,215507728							
65,363281	-0,164	-10,71957808							
207,91797	-0,159	-33,05895723							
-96,296875	-0,154	14,82971875							
-233,39453	-0,149	34,77578497							
-221,44336	-0,144	31,88784384							
-237,0625	-0,139	32,9516875							
100,91602	-0,134	-13,52274668							
-746,18555	-0,129	96,25793595							
-784,68945	-0,124	97,3014918							
-332,98828	-0,119	39,62560532							
-23,474609	-0,114	2,676105426							
-21,474609	-0,109	2,340732381							
255,36328	-0,104	-26,55778112							
360,53125	-0,099	-35,69259375							
384,25977	-0,094	-36,12041838							
-134,18164	-0,089	11,94216596							
224,48828	-0,084	-18,85701552							
99,865234	-0,079	-7,889353486							
-179,18359	-0,074	13,25958566							
85,804688	-0,069	-5,920523472							
-3,3085938	-0,064	0,211750003							
55,933594	-0,059	-3,300082046							
465,31641	-0,054	-25,12708614							
-585,61523	-0,049	28,69514627							
-563,94531	-0,044	24,81359364							
422,76562	-0,039	-16,48785918							
43,381836	-0,034	-1,474982424							
11,951172	-0,029	-0,346583988							
-520,8125	-0,024	12,4995							
-548,72754	-0,019	10,42582326							
-415,3457	-0,014	5,8148398							
-193,0918	-0,009	1,7378262							
92,739258	-0,004	-0,370957032							
213,45117	0,001	0,21345117							
117,35645	0,006	0,7041387							
54,041992	0,011	0,594461912							
2,3046875	0,016	0,036875							
45,162109	0,021	0,948404289							
-81,34668	0,026	-2,11501368							
-8,2138672	0,031	-0,254629883							
-76,92627	0,036	-2,76934572							
-111,78271	0,041	-4,58309111							
-257,80225	0,046	-11,8589035							
10,503418	0,051	0,535674318							
225,77246	0,056	12,64325776							
-104,4126	0,061	-6,3691686							
54,873535	0,066	3,62165331							
-5,697998	0,071	-0,404557858							
-53,723877	0,076	-4,083014652							
-42,405518	0,081	-3,434846958							
75,084717	0,086	6,457285662							
-49,121094	0,091	-4,470019554							
-62,266357	0,096	-5,977570272							
43,631714	0,101	4,406803114							
-45,161255	0,106	-4,78709303							
43,760986	0,111	4,857469446							
74,820557	0,116	8,679184612							
-81,387939	0,121	-9,847940619							
-65,998596	0,126	-8,315823096							
3,3955688	0,131	0,444819513							
34,045898	0,136	4,630242128							
41,05127	0,141	5,78822907							
84,082336	0,146	12,27602106							
3,5090942	0,151	0,529873224							
2,3124084	0,156	0,36073571							
-0,44100952	0,161	-0,071002533							
59,752838	0,166	9,918971108							
20,984436	0,171	3,588338556							
49,824615	0,176	8,76913224							
70,102417	0,181	12,68853748							
6,077301	0,186	1,130377986							
-33,094498	0,191	-6,321049118							
-40,384888	0,196	-7,915438048							
-8,0785217	0,201	-1,623782862							
-0,35507202	0,206	-0,073144836							
-51,169853	0,211	-10,79683898							
3,8958893	0,216	0,841512089							
18,749397	0,221	4,143616737							
17,463638	0,226	3,946782188							
33,956291	0,231	7,843903221							
33,025406	0,236	7,793995816							
6,124012	0,241	1,475886892							
2,4822807	0,246	0,610641052							
4,5031929	0,251	1,130301418							
24,183228	0,256	6,190906368							
5,1458969	0,261	1,343079091							
11,683746	0,266	3,107876436							
20,94165	0,271	5,67518715							
18,647465	0,276	5,14670034							
12,26326	0,281	3,44597606							
13,051123	0,286	3,732621178							
17,6901	0,291	5,1478191							
15,500137	0,296	4,588040552							
4,9233818	0,301	1,481937922							
10,838474	0,306	3,316573044							
4,6275806	0,311	1,439177567							
5,5785742	0,316	1,762829447							
12,615109	0,321	4,049449989							
18,11961	0,326	5,90699286							
5,1646404	0,331	1,709495972							
-0,36436629	0,336	-0,122427073							
9,1630535	0,341	3,124601243							
4,673717	0,346	1,617106082							
13,496416	0,351	4,737242016							
17,893703	0,356	6,370158268							
9,3750134	0,361	3,384379837							
10,794204	0,366	3,950678664							
20,022514	0,371	7,428352694							
11,342602	0,376	4,264818352							
9,0061073	0,381	3,431326881							
4,0506287	0,386	1,563542678							
9,1827497	0,391	3,590455133							
9,6032686	0,396	3,802894366							
13,720476	0,401	5,501910876							
12,092293	0,406	4,909470958							
15,897635	0,411	6,533927985							
11,39987	0,416	4,74234592							
5,284874	0,421	2,224931954							
5,9842978	0,426	2,549310863							
8,2014008	0,431	3,534803745							
0,80505061	0,436	0,351002066							
6,7026558	0,441	2,955871208							
11,554927	0,446	5,153497442							
8,6025515	0,451	3,879750726							
8,1784782	0,456	3,729386059							
9,1727304	0,461	4,228628714							
7,9101791	0,466	3,686143461							
6,6844811	0,471	3,148390598							
6,1737418	0,476	2,938701097							
0,72168136	0,481	0,347128734							
2,0989013	0,486	1,020066032							
13,633594	0,491	6,694094654							
4,5053973	0,496	2,234677061							
9,8809052	0,501	4,950333505							
7,3788347	0,506	3,733690358							
5,005146	0,511	2,557629606							
7,0923038	0,516	3,659628761							
12,018816	0,521	6,261803136							
13,157148	0,526	6,920659848							
11,172964	0,531	5,932843884							
9,0999985	0,536	4,877599196							
5,2596412	0,541	2,845465889							
4,0482788	0,546	2,210360225							
6,3112154	0,551	3,477479685							
5,952271	0,556	3,309462676							
4,0903506	0,561	2,294686687							
6,4926367	0,566	3,674832372							
9,3746872	0,571	5,352946391							
8,1118555	0,576	4,672428768							
7,612679	0,581	4,422966499							
12,235919	0,586	7,170248534							
11,029802	0,591	6,518612982							
9,2225466	0,596	5,496637774							
3,4953644	0,601	2,100714004							
5,0676994	0,606	3,071025836							
6,9632759	0,611	4,254561575							
6,4811821	0,616	3,992408174							
6,7512331	0,621	4,192515755							
9,2297907	0,626	5,777848978							
8,6879234	0,631	5,482079665							
2,7885752	0,636	1,773533827							
4,7615099	0,641	3,052127846							
6,1415896	0,646	3,967466882							
7,2557192	0,651	4,723473199							
8,4305763	0,656	5,530458053							
1,7792252	0,661	1,176067857							
5,826683	0,666	3,880570878							
1,9863691	0,671	1,332853666							
3,790746	0,676	2,562544296							
7,9907923	0,681	5,441729556							
7,4801154	0,686	5,131359164							
5,8373766	0,691	4,033627231							
6,220212	0,696	4,329267552							
9,0834551	0,701	6,367502025							
8,8575134	0,706	6,25340446							
4,7494493	0,711	3,376858452							
0,37111962	0,716	0,265721648							
0,52088928	0,721	0,375561171							
1,6969336	0,726	1,231973794							
1,5819756	0,731	1,156424164							
0,09058547	0,736	0,066670906							
-0,094245255	0,741	-0,069835734							
6,6444783	0,746	4,956780812							
6,3171501	0,751	4,744179725							
7,4128499	0,756	5,604114524							
9,0498104	0,761	6,886905714							
7,4120646	0,766	5,677641484							
5,3323736	0,771	4,111260046							
3,62412	0,776	2,81231712							
3,1796067	0,781	2,483272833							
3,4186363	0,786	2,687048132							
3,715507	0,791	2,938966037							
9,5998859	0,796	7,641509176							
8,8855762	0,801	7,117346536							
6,4735579	0,806	5,217687667							
7,1198015	0,811	5,774159016							
4,4331393	0,816	3,617441669							
4,2472281	0,821	3,48697427							
4,2492361	0,826	3,509869019							
3,173645	0,831	2,637298995							
2,7452314	0,836	2,29501345							
10,933867	0,841	9,195382147							
12,066327	0,846	10,20811264							
6,4166636	0,851	5,460580724							
9,3946695	0,856	8,041837092							
7,0557394	0,861	6,074991623							
3,5766301	0,866	3,097361667							
1,7203447	0,871	1,498420234							
3,3211112	0,876	2,909293411							
8,4884262	0,881	7,478303482							
9,1607418	0,886	8,116417235							
3,6697705	0,891	3,269765515							
0,60784686	0,896	0,544630787							
4,8940725	0,901	4,409559322							
6,2851524	0,906	5,694348074							
-0,6912595	0,911	-0,629737404							
1,9213811	0,916	1,759985088							
1,1741784	0,921	1,081418306							
-0,080227017	0,926	-0,074290218							
5,4333239	0,931	5,058424551							
1,5300035	0,936	1,432083276							
2,9730287	0,941	2,797620007							
12,552948	0,946	11,87508881							
10,658772	0,951	10,13649217							
9,1816406	0,956	8,777648414							
9,8991051	0,961	9,513040001							
13,019053	0,966	12,5764052							
13,802185	0,971	13,40192163							
10,753778	0,976	10,49568733							
3,9979684	0,981	3,922007							
2,897845	0,986	2,85727517							
0,98828769	0,991	0,979393101							
-1,3610511	0,996	-1,355606896							
1,3931834	1,001	1,394576583							
4,1320539	1,006	4,156846223							
4,8768115	1,011	4,930456426							
1,1433873	1,016	1,161681497							
2,4500551	1,021	2,501506257							
6,8504543	1,026	7,028566112							
12,554849	1,031	12,94404932							
9,5057478	1,036	9,847954721							
4,4404392	1,041	4,622497207							
1,0975602	1,046	1,148047969							
2,7566695	1,051	2,897259644							
5,7678084	1,056	6,09080567							
7,9891181	1,061	8,476454304							
2,576921	1,066	2,746997786							
0,58379155	1,071	0,62524075							
4,8448825	1,076	5,21309357							
3,9417939	1,081	4,261079206							
3,7063668	1,086	4,025114345							
5,694243	1,091	6,212419113							
5,814393	1,096	6,372574728							
4,4971209	1,101	4,951330111							
1,9841003	1,106	2,194414932							
2,3119495	1,111	2,568575894							
2,9309411	1,116	3,270930268							
2,707974	1,121	3,035638854							
1,9843514	1,126	2,234379676							
1,4554379	1,131	1,646100265							
1,7204485	1,136	1,954429496							
2,2070858	1,141	2,518284898							
3,5495305	1,146	4,067761953							
7,2107115	1,151	8,299528936							
6,297822	1,156	7,280282232							
2,6684759	1,161	3,09810052							
0,25951669	1,166	0,302596461							
0,81654978	1,171	0,956179792							
3,9680209	1,176	4,666392578							
4,6926293	1,181	5,541995203							
5,1537452	1,186	6,112341807							
6,0368938	1,191	7,189940516							
4,7393117	1,196	5,668216793							
3,5235093	1,201	4,231734669							
5,5848064	1,206	6,735276518							
5,9671135	1,211	7,226174448							
4,9088392	1,216	5,969148467							
4,7220335	1,221	5,765602903							
4,2460794	1,226	5,205693344							
2,9566302	1,231	3,639611776							
2,3055024	1,236	2,849600966							
1,8127925	1,241	2,249675492							
0,74607557	1,246	0,92961016							
0,38149923	1,251	0,477255537							
0,85862684	1,256	1,078435311							
0,84158671	1,261	1,061240841							
1,3000746	1,266	1,645894444							
3,6956148	1,271	4,697126411							
3,4489577	1,276	4,400870025							
1,2885518	1,281	1,650634856							
4,7124977	1,286	6,060272042							
6,9528866	1,291	8,976176601							
1,7627695	1,296	2,284549272							
-0,73763973	1,301	-0,959669289							
-0,32405913	1,306	-0,423221224							
2,8225446	1,311	3,700355971							
5,1634235	1,316	6,795065326							
2,6713696	1,321	3,528879242							
2,2448037	1,326	2,976609706							
4,2550993	1,331	5,663537168							
5,1819205	1,336	6,923045788							
5,3283567	1,341	7,145326335							
3,7763042	1,346	5,082905453							
3,4874768	1,351	4,711581157							
5,4218116	1,356	7,35197653							
4,3656211	1,361	5,941610317							
2,1869514	1,366	2,987375612							
4,2749639	1,371	5,860975507							
5,8725052	1,376	8,080567155							
3,5073199	1,381	4,843608782							
1,9419802	1,386	2,691584557							
1,5840236	1,391	2,203376828							
1,9371971	1,396	2,704327152							
2,68225	1,401	3,75783225							
3,922955	1,406	5,51567473							
4,0946321	1,411	5,777525893							
1,0267936	1,416	1,453939738							
-0,18815577	1,421	-0,267369349							
1,1137791	1,426	1,588248997							
1,9461062	1,431	2,784877972							
2,4791059	1,436	3,559996072							
2,5815229	1,441	3,719974499							
2,861414	1,446	4,137604644							
4,3038898	1,451	6,2449441							
4,3379006	1,456	6,315983274							
1,2935789	1,461	1,889918773							
0,52638203	1,466	0,771676056							
2,0268731	1,471	2,98153033							
1,9105334	1,476	2,819947298							
1,2564354	1,481	1,860780827							
3,2552574	1,486	4,837312496							
5,0097756	1,491	7,46957542							
2,1772659	1,496	3,257189786							
-0,28059065	1,501	-0,421166566							
-0,08571434	1,506	-0,129085796							
0,72695482	1,511	1,098428733							
2,2691176	1,516	3,439982282							
2,3081062	1,521	3,51062953							
1,0383134	1,526	1,584466248							
0,12284446	1,531	0,188074868							
-0,52181399	1,536	-0,801506289							
0,067725837	1,541	0,104365515							
0,95759523	1,546	1,480442226							
1,1061325	1,551	1,715611507							
1,0826097	1,556	1,684540693							
0,96256739	1,561	1,502567696							
1,3439732	1,566	2,104662031							
3,2900515	1,571	5,168670906							
4,0967541	1,576	6,456484462							
2,2605553	1,581	3,573937929							
1,376806	1,586	2,183614316							
2,054177	1,591	3,268195607							
1,6845219	1,596	2,688496952							
0,18003491	1,601	0,288235891							
-0,093321174	1,606	-0,149873805							
0,58470356	1,611	0,941957435							
0,83638537	1,616	1,351598758							
0,8372333	1,621	1,357155179							
0,91936827	1,626	1,494892807							
1,11553	1,631	1,81942943							
2,7871284	1,636	4,559742062							
4,8014727	1,641	7,879216701							
3,6057684	1,646	5,935094786							
1,4568613	1,651	2,405278006							
0,28688225	1,656	0,475077006							
-0,46985492	1,661	-0,780429022							
0,092882395	1,666	0,15474207							
0,90186042	1,671	1,507008762							
1,0481873	1,676	1,756761915							
0,99515855	1,681	1,672861523							
0,55148804	1,686	0,929808835							
0,29589939	1,691	0,500365868							
2,0280452	1,696	3,439564659							
3,7788765	1,701	6,427868926							
2,7307751	1,706	4,658702321							
1,2184134	1,711	2,084705327							
0,44115049	1,716	0,757014241							
-0,13719878	1,721	-0,2361191							
-0,33265829	1,726	-0,574168209							
-0,44450903	1,731	-0,769445131							
-0,55531251	1,736	-0,964022517							
-0,65805125	1,741	-1,145667226							
-0,67860711	1,746	-1,184848014							
-0,65900594	1,751	-1,153919401							
-0,40196237	1,756	-0,705845922							
-0,09360934	1,761	-0,164846048							
-0,17021532	1,766	-0,300600255							
-0,38482931	1,771	-0,681532708							
-0,52492815	1,776	-0,932272394							
-0,62184596	1,781	-1,107507655							
-0,21083701	1,786	-0,3765549							
0,48057887	1,791	0,860716756							
0,37509713	1,796	0,673674445							
-0,31523782	1,801	-0,567743314							
-0,21856219	1,806	-0,394723315							
0,67579734	1,811	1,223868983							
0,84372222	1,816	1,532199552							
-0,035767794	1,821	-0,065133153							
-0,63895607	1,826	-1,166733784							
-0,65537316	1,831	-1,199988256							
-0,67831731	1,836	-1,245390581							
-0,77443063	1,841	-1,42572679							
-0,85893899	1,846	-1,585601376							
-0,86679798	1,851	-1,604443061							
-0,8361038	1,856	-1,551808653							
-0,58010727	1,861	-1,079579629							
-0,29885688	1,866	-0,557666938							
-0,3744033	1,871	-0,700508574							
-0,56904644	1,876	-1,067531121							
-0,51358336	1,881	-0,9660503							
-0,31442651	1,886	-0,593008398							
-0,30998564	1,891	-0,586182845							
-0,5057292	1,896	-0,958862563							
-0,16958818	1,901	-0,32238713							
1,1695533	1,906	2,22916859							
2,1110704	1,911	4,034255534							
1,6019888	1,916	3,069410541							
1,0282825	1,921	1,975330682							
0,85424042	1,926	1,645267049							
0,74139684	1,931	1,431637298							
0,33237088	1,936	0,643470024							
-0,18910003	1,941	-0,367043158							
-0,4173218	1,946	-0,812108223							
-0,41650337	1,951	-0,812598075							
-0,38203639	1,956	-0,747263179							
-0,2891551	1,961	-0,567033151							
-0,13212422	1,966	-0,259756217							
0,26117456	1,971	0,514775058							
0,65186614	1,976	1,288087493							
0,80205649	1,981	1,588873907							
0,89113742	1,986	1,769798916							
0,92261291	1,991	1,836922304							
0,92082399	1,996	1,837964684							
0,95512486	2,001	1,911204845							
1,0427796	2,006	2,091815878							
0,97901607	2,011	1,968801317							
0,35953838	2,016	0,724829374							
-0,29624897	2,021	-0,598719168							
-0,78431261	2,026	-1,589017348							
-1,2215536	2,031	-2,480975362							
-0,93072903	2,036	-1,894964305							
-0,096015275	2,041	-0,195967176							
0,45557213	2,046	0,932100578							
0,38942564	2,051	0,798711988							
0,25713217	2,056	0,528663742							
-0,16456389	2,061	-0,339166177							
-0,61398447	2,066	-1,268491915							
0,05788523	2,071	0,119880311							
1,338801	2,076	2,779350876							
1,9074275	2,081	3,969356627							
1,2093372	2,086	2,522677399							
0,52044642	2,091	1,088253464							
0,027211696	2,096	0,057035715							
-0,42604461	2,101	-0,895119726							
-0,4781363	2,106	-1,006955048							
-0,31091586	2,111	-0,65634338							
-0,27952862	2,116	-0,59148256							
-0,51867491	2,121	-1,100109484							
-0,73262811	2,126	-1,557567362							
-0,70034385	2,131	-1,492432744							
-0,61584294	2,136	-1,31544052							
-0,18959785	2,141	-0,405928997							
0,49885789	2,146	1,070549032							
0,86745524	2,151	1,865896221							
0,2531563	2,156	0,545804983							
-0,3745243	2,161	-0,809347012							
-0,044843346	2,166	-0,097130687							
0,63143849	2,171	1,370852962							
0,98546541	2,176	2,144372732							
0,83226168	2,181	1,815162724							
0,64423007	2,186	1,408286933							
0,2534098	2,191	0,555220872							
-0,17676707	2,196	-0,388180486							
-0,37874588	2,201	-0,833619682							
-0,37804988	2,206	-0,833978035							
-0,40402612	2,211	-0,893301751							
-0,54372156	2,216	-1,204886977							
-0,67986822	2,221	-1,509987317							
0,24372563	2,226	0,542533252							
1,8020637	2,231	4,020404115							
2,7790956	2,236	6,214057762							
1,9282403	2,241	4,321186512							
0,95896125	2,246	2,153826967							
0,46731192	2,251	1,051919132							
0,20506133	2,256	0,46261836							
-0,065807275	2,261	-0,148790249							
-0,36015683	2,266	-0,816115377							
-0,64128041	2,271	-1,456347811							
-0,52544445	2,276	-1,195911568							
-0,23109351	2,281	-0,527124296							
-0,067613795	2,286	-0,154565135							
-0,2645773	2,291	-0,606146594							
-0,47537032	2,296	-1,091450255							
-0,44765112	2,301	-1,030045227							
-0,30280143	2,306	-0,698260098							
-0,19000968	2,311	-0,43911237							
-0,18162599	2,316	-0,420645793							
-0,1823943	2,321	-0,42333717							
-0,26919103	2,326	-0,626138336							
-0,41014159	2,331	-0,956040046							
-0,55077899	2,336	-1,286619721							
-0,68998659	2,341	-1,615258607							
-0,82900941	2,346	-1,944856076							
-0,75641578	2,351	-1,778333499							
-0,47739911	2,356	-1,124752303							
-0,18288401	2,361	-0,431789148							
0,23681472	2,366	0,560303628							
0,68385625	2,371	1,621423169							
0,76745594	2,376	1,823475313							
0,19987495	2,381	0,475902256							
-0,36580256	2,386	-0,872804908							
-0,58053625	2,391	-1,388062174							
-0,64707935	2,396	-1,550402123							
-0,70024633	2,401	-1,681291438							
-0,70369619	2,406	-1,693093033							
-0,70246512	2,411	-1,693643404							
-0,8347683	2,416	-2,016800213							
-1,0985236	2,421	-2,659525636							
-1,297796	2,426	-3,148453096							
-0,79734236	2,431	-1,938339277							
-0,10573673	2,436	-0,257574674							
0,28110695	2,441	0,686182065							
-0,16069937	2,446	-0,393070659							
-0,64758182	2,451	-1,587223041							
-0,59488469	2,456	-1,461036799							
-0,1101253	2,461	-0,271018363							
0,34346613	2,466	0,846987477							
0,48643714	2,471	1,201986173							
0,54953432	2,476	1,360646976							
0,51204866	2,481	1,270392725							
0,1818316	2,486	0,452033358							
-0,16708013	2,491	-0,416196604							
-0,1371212	2,496	-0,342254515							
0,27077347	2,501	0,677204448							
0,63932562	2,506	1,602150004							
0,34659243	2,511	0,870293592							
-0,18242294	2,516	-0,458976117							
-0,55240583	2,521	-1,392615097							
-0,1831508	2,526	-0,462638921							
0,27931151	2,531	0,706937432							
0,62402761	2,536	1,582534019							
0,74981713	2,541	1,905285327							
0,86878538	2,546	2,211927577							
0,65717554	2,551	1,676454803							
0,20284535	2,556	0,518472715							
-0,20840259	2,561	-0,533719033							
-0,0143933	2,566	-0,036933208							
0,37489784	2,571	0,963862347							
0,74579859	2,576	1,921177168							
1,0239991	2,581	2,642941677							
1,2893584	2,586	3,334280822							
1,3350363	2,591	3,459079053							
0,85631549	2,596	2,222995012							
0,35495654	2,601	0,923241961							
0,042769343	2,606	0,111456908							
-0,044984639	2,611	-0,117454892							
-0,12826826	2,616	-0,335549768							
0,039881624	2,621	0,104529737							
0,35693604	2,626	0,937314041							
0,63993013	2,631	1,683656172							
0,42981213	2,636	1,132984775							
0,057733044	2,641	0,152472969							
-0,27255809	2,646	-0,721188706							
-0,3236475	2,651	-0,857989522							
-0,32311144	2,656	-0,858183985							
-0,23133227	2,661	-0,61557517							
0,21058881	2,666	0,561429767							
0,68700391	2,671	1,834987444							
0,89533257	2,676	2,395909957							
0,45157209	2,681	1,210664773							
-0,021515504	2,686	-0,057790644							
-0,33617961	2,691	-0,904659331							
-0,39413041	2,696	-1,062575585							
-0,4485395	2,701	-1,211505189							
-0,45087951	2,706	-1,220079954							
-0,39572349	2,711	-1,072806381							
-0,34053427	2,716	-0,924891077							
-0,28578344	2,721	-0,77761674							
-0,23137315	2,726	-0,630723207							
-0,17751549	2,731	-0,484794803							
-0,15736631	2,736	-0,430554224							
-0,15711075	2,741	-0,430640566							
-0,14956166	2,746	-0,410696318							
0,086048134	2,751	0,236718417							
0,42998931	2,756	1,185050538							
0,76695651	2,761	2,117566924							
0,95598996	2,766	2,644268229							
1,0855359	2,771	3,008019979							
1,1855588	2,776	3,291111229							
0,78995699	2,781	2,196870389							
0,21738213	2,786	0,605626614							
-0,32257766	2,791	-0,900314249							
-0,37973359	2,796	-1,061735118							
-0,27624017	2,801	-0,773748716							
-0,18048809	2,806	-0,506449581							
-0,1951685	2,811	-0,548618653							
-0,24580513	2,816	-0,692187246							
-0,30601588	2,821	-0,863270797							
-0,50951827	2,826	-1,439898631							
-0,76100409	2,831	-2,154402579							
-0,99191558	2,836	-2,813072585							
-0,86878103	2,841	-2,468206906							
-0,61753529	2,846	-1,757505435							
-0,37558302	2,851	-1,07078719							
-0,33983997	2,856	-0,970582954							
-0,38878998	2,861	-1,112328133							
-0,42966914	2,866	-1,231431755							
-0,19625889	2,871	-0,563459273							
0,17160474	2,876	0,493535232							
0,53594315	2,881	1,544052215							
0,64438128	2,886	1,859684374							
0,59483874	2,891	1,719678797							
0,54582822	2,896	1,580718525							
0,74620932	2,901	2,164753237							
1,1534864	2,906	3,352031478							
1,5607631	2,911	4,543381384							
1,6425216	2,916	4,789592986							
1,3315291	2,921	3,889396501							
1,0196905	2,926	2,983614403							
0,70944625	2,931	2,079386959							
0,40207273	2,936	1,180485535							
0,094757318	2,941	0,278681272							
-0,1463207	2,946	-0,431060782							
-0,20349926	2,951	-0,600526316							
-0,24989843	2,956	-0,738699759							
-0,30369356	2,961	-0,899236631							
-0,39138681	2,966	-1,160853278							
-0,48328245	2,971	-1,435832159							
-0,56728405	2,976	-1,688237333							
-0,58240056	2,981	-1,736136069							
-0,58150202	2,986	-1,736365032							
-0,56376058	2,991	-1,686207895							
-0,14459306	2,996	-0,433200808							
0,44490898	3,001	1,335171849							
1,0329182	3,006	3,104952109							
0,97753572	3,011	2,943360053							
0,39271671	3,016	1,184433597							
-0,19210237	3,021	-0,58034126							
-0,44833225	3,026	-1,356653388							
-0,12541679	3,031	-0,38013829							
0,20842111	3,036	0,63276649							
0,42093474	3,041	1,280062544							
0,17795849	3,046	0,542061561							
-0,10853553	3,051	-0,331141902							
-0,34857303	3,056	-1,06523918							
-0,13595867	3,061	-0,416169489							
0,19113885	3,066	0,586031714							
0,51597267	3,071	1,58455207							
0,69131273	3,076	2,126477957							
0,7765494	3,081	2,392548701							
0,86178625	3,086	2,659472367							
0,76147479	3,091	2,353718576							
0,35896528	3,096	1,111356507							
-0,047799408	3,101	-0,148225964							
-0,37795469	3,106	-1,173927267							
-0,3740271	3,111	-1,163598308							
-0,33114377	3,116	-1,031843987							
-0,2882857	3,121	-0,89973967							
-0,24587224	3,126	-0,768596622							
